12669.000000 9656.000000 7561.000000 214.000000 2674.000000 1338.000000 1.000000
7057.000000 9810.000000 9568.000000 1762.000000 3293.000000 1776.000000 1.000000
6353.000000 8808.000000 7684.000000 2405.000000 3516.000000 7844.000000 1.000000
13265.000000 1196.000000 4221.000000 6404.000000 507.000000 1788.000000 0.000000
22615.000000 5410.000000 7198.000000 3915.000000 1777.000000 5185.000000 1.000000
9413.000000 8259.000000 5126.000000 666.000000 1795.000000 1451.000000 1.000000
12126.000000 3199.000000 6975.000000 480.000000 3140.000000 545.000000 1.000000
7579.000000 4956.000000 9426.000000 1669.000000 3321.000000 2566.000000 1.000000
5963.000000 3648.000000 6192.000000 425.000000 1716.000000 750.000000 0.000000
6006.000000 11093.000000 18881.000000 1159.000000 7425.000000 2098.000000 1.000000
3366.000000 5403.000000 12974.000000 4400.000000 5977.000000 1744.000000 1.000000
13146.000000 1124.000000 4523.000000 1420.000000 549.000000 497.000000 1.000000
31714.000000 12319.000000 11757.000000 287.000000 3881.000000 2931.000000 1.000000
21217.000000 6208.000000 14982.000000 3095.000000 6707.000000 602.000000 1.000000
24653.000000 9465.000000 12091.000000 294.000000 5058.000000 2168.000000 1.000000
10253.000000 1114.000000 3821.000000 397.000000 964.000000 412.000000 0.000000
1020.000000 8816.000000 12121.000000 134.000000 4508.000000 1080.000000 1.000000
5876.000000 6157.000000 2933.000000 839.000000 370.000000 4478.000000 0.000000
18601.000000 6327.000000 10099.000000 2205.000000 2767.000000 3181.000000 1.000000
7780.000000 2495.000000 9464.000000 669.000000 2518.000000 501.000000 0.000000
17546.000000 4519.000000 4602.000000 1066.000000 2259.000000 2124.000000 1.000000
5567.000000 871.000000 2010.000000 3383.000000 375.000000 569.000000 0.000000
31276.000000 1917.000000 4469.000000 9408.000000 2381.000000 4334.000000 0.000000
26373.000000 36423.000000 22019.000000 5154.000000 4337.000000 16523.000000 1.000000
22647.000000 9776.000000 13792.000000 2915.000000 4482.000000 5778.000000 1.000000
16165.000000 4230.000000 7595.000000 201.000000 4003.000000 57.000000 1.000000
9898.000000 961.000000 2861.000000 3151.000000 242.000000 833.000000 0.000000
14276.000000 803.000000 3045.000000 485.000000 100.000000 518.000000 0.000000
4113.000000 20484.000000 25957.000000 1158.000000 8604.000000 5206.000000 1.000000
43088.000000 2100.000000 2609.000000 1200.000000 1107.000000 823.000000 0.000000
18815.000000 3610.000000 11107.000000 1148.000000 2134.000000 2963.000000 0.000000
2612.000000 4339.000000 3133.000000 2088.000000 820.000000 985.000000 0.000000
21632.000000 1318.000000 2886.000000 266.000000 918.000000 405.000000 0.000000
29729.000000 4786.000000 7326.000000 6130.000000 361.000000 1083.000000 0.000000
1502.000000 1979.000000 2262.000000 425.000000 483.000000 395.000000 0.000000
688.000000 5491.000000 11091.000000 833.000000 4239.000000 436.000000 1.000000
29955.000000 4362.000000 5428.000000 1729.000000 862.000000 4626.000000 0.000000
15168.000000 10556.000000 12477.000000 1920.000000 6506.000000 714.000000 1.000000
4591.000000 15729.000000 16709.000000 33.000000 6956.000000 433.000000 1.000000
56159.000000 555.000000 902.000000 10002.000000 212.000000 2916.000000 0.000000
24025.000000 4332.000000 4757.000000 9510.000000 1145.000000 5864.000000 0.000000
19176.000000 3065.000000 5956.000000 2033.000000 2575.000000 2802.000000 0.000000
10850.000000 7555.000000 14961.000000 188.000000 6899.000000 46.000000 1.000000
630.000000 11095.000000 23998.000000 787.000000 9529.000000 72.000000 1.000000
9670.000000 7027.000000 10471.000000 541.000000 4618.000000 65.000000 1.000000
5181.000000 22044.000000 21531.000000 1740.000000 7353.000000 4985.000000 1.000000
3103.000000 14069.000000 21955.000000 1668.000000 6792.000000 1452.000000 1.000000
44466.000000 54259.000000 55571.000000 7782.000000 24171.000000 6465.000000 1.000000
11519.000000 6152.000000 10868.000000 584.000000 5121.000000 1476.000000 1.000000
4967.000000 21412.000000 28921.000000 1798.000000 13583.000000 1163.000000 1.000000
6269.000000 1095.000000 1980.000000 3860.000000 609.000000 2162.000000 0.000000
3347.000000 4051.000000 6996.000000 239.000000 1538.000000 301.000000 0.000000
40721.000000 3916.000000 5876.000000 532.000000 2587.000000 1278.000000 1.000000
491.000000 10473.000000 11532.000000 744.000000 5611.000000 224.000000 1.000000
27329.000000 1449.000000 1947.000000 2436.000000 204.000000 1333.000000 0.000000
5264.000000 3683.000000 5005.000000 1057.000000 2024.000000 1130.000000 0.000000
4098.000000 29892.000000 26866.000000 2616.000000 17740.000000 1340.000000 1.000000
5417.000000 9933.000000 10487.000000 38.000000 7572.000000 1282.000000 1.000000
13779.000000 1970.000000 1648.000000 596.000000 227.000000 436.000000 0.000000
6137.000000 5360.000000 8040.000000 129.000000 3084.000000 1603.000000 0.000000
8590.000000 3045.000000 7854.000000 96.000000 4095.000000 225.000000 1.000000
35942.000000 38369.000000 59598.000000 3254.000000 26701.000000 2017.000000 1.000000
7823.000000 6245.000000 6544.000000 4154.000000 4074.000000 964.000000 1.000000
9396.000000 11601.000000 15775.000000 2896.000000 7677.000000 1295.000000 1.000000
4760.000000 1227.000000 3250.000000 3724.000000 1247.000000 1145.000000 0.000000
85.000000 20959.000000 45828.000000 36.000000 24231.000000 1423.000000 1.000000
9.000000 1534.000000 7417.000000 175.000000 3468.000000 27.000000 0.000000
19913.000000 6759.000000 13462.000000 1256.000000 5141.000000 834.000000 1.000000
2446.000000 7260.000000 3993.000000 5870.000000 788.000000 3095.000000 0.000000
8352.000000 2820.000000 1293.000000 779.000000 656.000000 144.000000 0.000000
16705.000000 2037.000000 3202.000000 10643.000000 116.000000 1365.000000 0.000000
18291.000000 1266.000000 21042.000000 5373.000000 4173.000000 14472.000000 0.000000
4420.000000 5139.000000 2661.000000 8872.000000 1321.000000 181.000000 0.000000
19899.000000 5332.000000 8713.000000 8132.000000 764.000000 648.000000 1.000000
8190.000000 6343.000000 9794.000000 1285.000000 1901.000000 1780.000000 1.000000
20398.000000 1137.000000 3.000000 4407.000000 3.000000 975.000000 0.000000
717.000000 3587.000000 6532.000000 7530.000000 529.000000 894.000000 0.000000
12205.000000 12697.000000 28540.000000 869.000000 12034.000000 1009.000000 1.000000
10766.000000 1175.000000 2067.000000 2096.000000 301.000000 167.000000 0.000000
1640.000000 3259.000000 3655.000000 868.000000 1202.000000 1653.000000 0.000000
7005.000000 829.000000 3009.000000 430.000000 610.000000 529.000000 0.000000
219.000000 9540.000000 14403.000000 283.000000 7818.000000 156.000000 1.000000
10362.000000 9232.000000 11009.000000 737.000000 3537.000000 2342.000000 1.000000
20874.000000 1563.000000 1783.000000 2320.000000 550.000000 772.000000 0.000000
11867.000000 3327.000000 4814.000000 1178.000000 3837.000000 120.000000 1.000000
16117.000000 46197.000000 92780.000000 1026.000000 40827.000000 2944.000000 1.000000
22925.000000 73498.000000 32114.000000 987.000000 20070.000000 903.000000 1.000000
43265.000000 5025.000000 8117.000000 6312.000000 1579.000000 14351.000000 0.000000
7864.000000 542.000000 4042.000000 9735.000000 165.000000 46.000000 0.000000
24904.000000 3836.000000 5330.000000 3443.000000 454.000000 3178.000000 0.000000
11405.000000 596.000000 1638.000000 3347.000000 69.000000 360.000000 0.000000
12754.000000 2762.000000 2530.000000 8693.000000 627.000000 1117.000000 0.000000
9198.000000 27472.000000 32034.000000 3232.000000 18906.000000 5130.000000 1.000000
11314.000000 3090.000000 2062.000000 35009.000000 71.000000 2698.000000 0.000000
5626.000000 12220.000000 11323.000000 206.000000 5038.000000 244.000000 1.000000
3.000000 2920.000000 6252.000000 440.000000 223.000000 709.000000 0.000000
23.000000 2616.000000 8118.000000 145.000000 3874.000000 217.000000 1.000000
403.000000 254.000000 610.000000 774.000000 54.000000 63.000000 0.000000
503.000000 112.000000 778.000000 895.000000 56.000000 132.000000 0.000000
9658.000000 2182.000000 1909.000000 5639.000000 215.000000 323.000000 0.000000
11594.000000 7779.000000 12144.000000 3252.000000 8035.000000 3029.000000 1.000000
1420.000000 10810.000000 16267.000000 1593.000000 6766.000000 1838.000000 1.000000
2932.000000 6459.000000 7677.000000 2561.000000 4573.000000 1386.000000 1.000000
56082.000000 3504.000000 8906.000000 18028.000000 1480.000000 2498.000000 0.000000
14100.000000 2132.000000 3445.000000 1336.000000 1491.000000 548.000000 0.000000
15587.000000 1014.000000 3970.000000 910.000000 139.000000 1378.000000 0.000000
1454.000000 6337.000000 10704.000000 133.000000 6830.000000 1831.000000 1.000000
8797.000000 10646.000000 14886.000000 2471.000000 8969.000000 1438.000000 1.000000
1531.000000 8397.000000 6981.000000 247.000000 2505.000000 1236.000000 1.000000
1406.000000 16729.000000 28986.000000 673.000000 836.000000 3.000000 1.000000
11818.000000 1648.000000 1694.000000 2276.000000 169.000000 1647.000000 0.000000
12579.000000 11114.000000 17569.000000 805.000000 6457.000000 1519.000000 1.000000
19046.000000 2770.000000 2469.000000 8853.000000 483.000000 2708.000000 0.000000
14438.000000 2295.000000 1733.000000 3220.000000 585.000000 1561.000000 0.000000
18044.000000 1080.000000 2000.000000 2555.000000 118.000000 1266.000000 0.000000
11134.000000 793.000000 2988.000000 2715.000000 276.000000 610.000000 0.000000
11173.000000 2521.000000 3355.000000 1517.000000 310.000000 222.000000 0.000000
6990.000000 3880.000000 5380.000000 1647.000000 319.000000 1160.000000 0.000000
20049.000000 1891.000000 2362.000000 5343.000000 411.000000 933.000000 0.000000
8258.000000 2344.000000 2147.000000 3896.000000 266.000000 635.000000 0.000000
17160.000000 1200.000000 3412.000000 2417.000000 174.000000 1136.000000 0.000000
4020.000000 3234.000000 1498.000000 2395.000000 264.000000 255.000000 0.000000
12212.000000 201.000000 245.000000 1991.000000 25.000000 860.000000 0.000000
11170.000000 10769.000000 8814.000000 2194.000000 1976.000000 143.000000 1.000000
36050.000000 1642.000000 2961.000000 4787.000000 500.000000 1621.000000 0.000000
76237.000000 3473.000000 7102.000000 16538.000000 778.000000 918.000000 0.000000
19219.000000 1840.000000 1658.000000 8195.000000 349.000000 483.000000 0.000000
21465.000000 7243.000000 10685.000000 880.000000 2386.000000 2749.000000 1.000000
140.000000 8847.000000 3823.000000 142.000000 1062.000000 3.000000 0.000000
42312.000000 926.000000 1510.000000 1718.000000 410.000000 1819.000000 0.000000
7149.000000 2428.000000 699.000000 6316.000000 395.000000 911.000000 0.000000
2101.000000 589.000000 314.000000 346.000000 70.000000 310.000000 0.000000
14903.000000 2032.000000 2479.000000 576.000000 955.000000 328.000000 0.000000
9434.000000 1042.000000 1235.000000 436.000000 256.000000 396.000000 0.000000
7388.000000 1882.000000 2174.000000 720.000000 47.000000 537.000000 0.000000
6300.000000 1289.000000 2591.000000 1170.000000 199.000000 326.000000 0.000000
4625.000000 8579.000000 7030.000000 4575.000000 2447.000000 1542.000000 0.000000
3087.000000 8080.000000 8282.000000 661.000000 721.000000 36.000000 0.000000
13537.000000 4257.000000 5034.000000 155.000000 249.000000 3271.000000 0.000000
5387.000000 4979.000000 3343.000000 825.000000 637.000000 929.000000 0.000000
17623.000000 4280.000000 7305.000000 2279.000000 960.000000 2616.000000 0.000000
30379.000000 13252.000000 5189.000000 321.000000 51.000000 1450.000000 0.000000
37036.000000 7152.000000 8253.000000 2995.000000 20.000000 3.000000 0.000000
10405.000000 1596.000000 1096.000000 8425.000000 399.000000 318.000000 0.000000
18827.000000 3677.000000 1988.000000 118.000000 516.000000 201.000000 0.000000
22039.000000 8384.000000 34792.000000 42.000000 12591.000000 4430.000000 1.000000
7769.000000 1936.000000 2177.000000 926.000000 73.000000 520.000000 0.000000
9203.000000 3373.000000 2707.000000 1286.000000 1082.000000 526.000000 0.000000
5924.000000 584.000000 542.000000 4052.000000 283.000000 434.000000 0.000000
31812.000000 1433.000000 1651.000000 800.000000 113.000000 1440.000000 0.000000
16225.000000 1825.000000 1765.000000 853.000000 170.000000 1067.000000 0.000000
1289.000000 3328.000000 2022.000000 531.000000 255.000000 1774.000000 0.000000
18840.000000 1371.000000 3135.000000 3001.000000 352.000000 184.000000 0.000000
3463.000000 9250.000000 2368.000000 779.000000 302.000000 1627.000000 0.000000
622.000000 55.000000 137.000000 75.000000 7.000000 8.000000 0.000000
1989.000000 10690.000000 19460.000000 233.000000 11577.000000 2153.000000 1.000000
3830.000000 5291.000000 14855.000000 317.000000 6694.000000 3182.000000 1.000000
17773.000000 1366.000000 2474.000000 3378.000000 811.000000 418.000000 0.000000
2861.000000 6570.000000 9618.000000 930.000000 4004.000000 1682.000000 1.000000
355.000000 7704.000000 14682.000000 398.000000 8077.000000 303.000000 1.000000
1725.000000 3651.000000 12822.000000 824.000000 4424.000000 2157.000000 1.000000
12434.000000 540.000000 283.000000 1092.000000 3.000000 2233.000000 0.000000
15177.000000 2024.000000 3810.000000 2665.000000 232.000000 610.000000 0.000000
5531.000000 15726.000000 26870.000000 2367.000000 13726.000000 446.000000 1.000000
5224.000000 7603.000000 8584.000000 2540.000000 3674.000000 238.000000 1.000000
15615.000000 12653.000000 19858.000000 4425.000000 7108.000000 2379.000000 1.000000
4822.000000 6721.000000 9170.000000 993.000000 4973.000000 3637.000000 1.000000
2926.000000 3195.000000 3268.000000 405.000000 1680.000000 693.000000 0.000000
5809.000000 735.000000 803.000000 1393.000000 79.000000 429.000000 0.000000
5414.000000 717.000000 2155.000000 2399.000000 69.000000 750.000000 0.000000
260.000000 8675.000000 13430.000000 1116.000000 7015.000000 323.000000 1.000000
200.000000 25862.000000 19816.000000 651.000000 8773.000000 6250.000000 1.000000
955.000000 5479.000000 6536.000000 333.000000 2840.000000 707.000000 0.000000
514.000000 7677.000000 19805.000000 937.000000 9836.000000 716.000000 1.000000
286.000000 1208.000000 5241.000000 2515.000000 153.000000 1442.000000 0.000000
2343.000000 7845.000000 11874.000000 52.000000 4196.000000 1697.000000 1.000000
45640.000000 6958.000000 6536.000000 7368.000000 1532.000000 230.000000 0.000000
12759.000000 7330.000000 4533.000000 1752.000000 20.000000 2631.000000 0.000000
11002.000000 7075.000000 4945.000000 1152.000000 120.000000 395.000000 0.000000
3157.000000 4888.000000 2500.000000 4477.000000 273.000000 2165.000000 0.000000
12356.000000 6036.000000 8887.000000 402.000000 1382.000000 2794.000000 0.000000
112151.000000 29627.000000 18148.000000 16745.000000 4948.000000 8550.000000 0.000000
694.000000 8533.000000 10518.000000 443.000000 6907.000000 156.000000 0.000000
36847.000000 43950.000000 20170.000000 36534.000000 239.000000 47943.000000 0.000000
327.000000 918.000000 4710.000000 74.000000 334.000000 11.000000 0.000000
8170.000000 6448.000000 1139.000000 2181.000000 58.000000 247.000000 0.000000
3009.000000 521.000000 854.000000 3470.000000 949.000000 727.000000 0.000000
2438.000000 8002.000000 9819.000000 6269.000000 3459.000000 3.000000 0.000000
8040.000000 7639.000000 11687.000000 2758.000000 6839.000000 404.000000 1.000000
834.000000 11577.000000 11522.000000 275.000000 4027.000000 1856.000000 1.000000
16936.000000 6250.000000 1981.000000 7332.000000 118.000000 64.000000 0.000000
13624.000000 295.000000 1381.000000 890.000000 43.000000 84.000000 0.000000
5509.000000 1461.000000 2251.000000 547.000000 187.000000 409.000000 0.000000
180.000000 3485.000000 20292.000000 959.000000 5618.000000 666.000000 1.000000
7107.000000 1012.000000 2974.000000 806.000000 355.000000 1142.000000 0.000000
17023.000000 5139.000000 5230.000000 7888.000000 330.000000 1755.000000 0.000000
30624.000000 7209.000000 4897.000000 18711.000000 763.000000 2876.000000 0.000000
2427.000000 7097.000000 10391.000000 1127.000000 4314.000000 1468.000000 1.000000
11686.000000 2154.000000 6824.000000 3527.000000 592.000000 697.000000 0.000000
9670.000000 2280.000000 2112.000000 520.000000 402.000000 347.000000 0.000000
3067.000000 13240.000000 23127.000000 3941.000000 9959.000000 731.000000 1.000000
4484.000000 14399.000000 24708.000000 3549.000000 14235.000000 1681.000000 1.000000
25203.000000 11487.000000 9490.000000 5065.000000 284.000000 6854.000000 0.000000
583.000000 685.000000 2216.000000 469.000000 954.000000 18.000000 0.000000
1956.000000 891.000000 5226.000000 1383.000000 5.000000 1328.000000 0.000000
1107.000000 11711.000000 23596.000000 955.000000 9265.000000 710.000000 1.000000
6373.000000 780.000000 950.000000 878.000000 288.000000 285.000000 0.000000
2541.000000 4737.000000 6089.000000 2946.000000 5316.000000 120.000000 1.000000
1537.000000 3748.000000 5838.000000 1859.000000 3381.000000 806.000000 0.000000
5550.000000 12729.000000 16767.000000 864.000000 12420.000000 797.000000 1.000000
18567.000000 1895.000000 1393.000000 1801.000000 244.000000 2100.000000 0.000000
12119.000000 28326.000000 39694.000000 4736.000000 19410.000000 2870.000000 1.000000
7291.000000 1012.000000 2062.000000 1291.000000 240.000000 1775.000000 0.000000
3317.000000 6602.000000 6861.000000 1329.000000 3961.000000 1215.000000 0.000000
2362.000000 6551.000000 11364.000000 913.000000 5957.000000 791.000000 1.000000
2806.000000 10765.000000 15538.000000 1374.000000 5828.000000 2388.000000 0.000000
2532.000000 16599.000000 36486.000000 179.000000 13308.000000 674.000000 1.000000
18044.000000 1475.000000 2046.000000 2532.000000 130.000000 1158.000000 0.000000
18.000000 7504.000000 15205.000000 1285.000000 4797.000000 6372.000000 1.000000
4155.000000 367.000000 1390.000000 2306.000000 86.000000 130.000000 0.000000
14755.000000 899.000000 1382.000000 1765.000000 56.000000 749.000000 0.000000
5396.000000 7503.000000 10646.000000 91.000000 4167.000000 239.000000 0.000000
5041.000000 1115.000000 2856.000000 7496.000000 256.000000 375.000000 0.000000
2790.000000 2527.000000 5265.000000 5612.000000 788.000000 1360.000000 1.000000
7274.000000 659.000000 1499.000000 784.000000 70.000000 659.000000 0.000000
12680.000000 3243.000000 4157.000000 660.000000 761.000000 786.000000 0.000000
20782.000000 5921.000000 9212.000000 1759.000000 2568.000000 1553.000000 1.000000
4042.000000 2204.000000 1563.000000 2286.000000 263.000000 689.000000 0.000000
1869.000000 577.000000 572.000000 950.000000 4762.000000 203.000000 0.000000
8656.000000 2746.000000 2501.000000 6845.000000 694.000000 980.000000 0.000000
11072.000000 5989.000000 5615.000000 8321.000000 955.000000 2137.000000 1.000000
2344.000000 10678.000000 3828.000000 1439.000000 1566.000000 490.000000 0.000000
25962.000000 1780.000000 3838.000000 638.000000 284.000000 834.000000 0.000000
964.000000 4984.000000 3316.000000 937.000000 409.000000 7.000000 0.000000
15603.000000 2703.000000 3833.000000 4260.000000 325.000000 2563.000000 0.000000
1838.000000 6380.000000 2824.000000 1218.000000 1216.000000 295.000000 0.000000
8635.000000 820.000000 3047.000000 2312.000000 415.000000 225.000000 0.000000
18692.000000 3838.000000 593.000000 4634.000000 28.000000 1215.000000 0.000000
7363.000000 475.000000 585.000000 1112.000000 72.000000 216.000000 0.000000
47493.000000 2567.000000 3779.000000 5243.000000 828.000000 2253.000000 0.000000
22096.000000 3575.000000 7041.000000 11422.000000 343.000000 2564.000000 0.000000
24929.000000 1801.000000 2475.000000 2216.000000 412.000000 1047.000000 0.000000
18226.000000 659.000000 2914.000000 3752.000000 586.000000 578.000000 0.000000
11210.000000 3576.000000 5119.000000 561.000000 1682.000000 2398.000000 0.000000
6202.000000 7775.000000 10817.000000 1183.000000 3143.000000 1970.000000 0.000000
3062.000000 6154.000000 13916.000000 230.000000 8933.000000 2784.000000 1.000000
8885.000000 2428.000000 1777.000000 1777.000000 430.000000 610.000000 0.000000
13569.000000 346.000000 489.000000 2077.000000 44.000000 659.000000 0.000000
15671.000000 5279.000000 2406.000000 559.000000 562.000000 572.000000 0.000000
8040.000000 3795.000000 2070.000000 6340.000000 918.000000 291.000000 0.000000
3191.000000 1993.000000 1799.000000 1730.000000 234.000000 710.000000 0.000000
6134.000000 23133.000000 33586.000000 6746.000000 18594.000000 5121.000000 1.000000
6623.000000 1860.000000 4740.000000 7683.000000 205.000000 1693.000000 0.000000
29526.000000 7961.000000 16966.000000 432.000000 363.000000 1391.000000 0.000000
10379.000000 17972.000000 4748.000000 4686.000000 1547.000000 3265.000000 0.000000
31614.000000 489.000000 1495.000000 3242.000000 111.000000 615.000000 0.000000
11092.000000 5008.000000 5249.000000 453.000000 392.000000 373.000000 0.000000
8475.000000 1931.000000 1883.000000 5004.000000 3593.000000 987.000000 0.000000
56083.000000 4563.000000 2124.000000 6422.000000 730.000000 3321.000000 0.000000
53205.000000 4959.000000 7336.000000 3012.000000 967.000000 818.000000 0.000000
9193.000000 4885.000000 2157.000000 327.000000 780.000000 548.000000 0.000000
7858.000000 1110.000000 1094.000000 6818.000000 49.000000 287.000000 0.000000
23257.000000 1372.000000 1677.000000 982.000000 429.000000 655.000000 0.000000
2153.000000 1115.000000 6684.000000 4324.000000 2894.000000 411.000000 0.000000
1073.000000 9679.000000 15445.000000 61.000000 5980.000000 1265.000000 1.000000
5909.000000 23527.000000 13699.000000 10155.000000 830.000000 3636.000000 0.000000
572.000000 9763.000000 22182.000000 2221.000000 4882.000000 2563.000000 1.000000
20893.000000 1222.000000 2576.000000 3975.000000 737.000000 3628.000000 0.000000
11908.000000 8053.000000 19847.000000 1069.000000 6374.000000 698.000000 1.000000
15218.000000 258.000000 1138.000000 2516.000000 333.000000 204.000000 0.000000
4720.000000 1032.000000 975.000000 5500.000000 197.000000 56.000000 0.000000
2083.000000 5007.000000 1563.000000 1120.000000 147.000000 1550.000000 0.000000
514.000000 8323.000000 6869.000000 529.000000 93.000000 1040.000000 0.000000
36817.000000 3045.000000 1493.000000 4802.000000 210.000000 1824.000000 0.000000
894.000000 1703.000000 1841.000000 744.000000 759.000000 1153.000000 0.000000
680.000000 1610.000000 223.000000 862.000000 96.000000 379.000000 0.000000
27901.000000 3749.000000 6964.000000 4479.000000 603.000000 2503.000000 0.000000
9061.000000 829.000000 683.000000 16919.000000 621.000000 139.000000 0.000000
11693.000000 2317.000000 2543.000000 5845.000000 274.000000 1409.000000 0.000000
17360.000000 6200.000000 9694.000000 1293.000000 3620.000000 1721.000000 1.000000
3366.000000 2884.000000 2431.000000 977.000000 167.000000 1104.000000 0.000000
12238.000000 7108.000000 6235.000000 1093.000000 2328.000000 2079.000000 1.000000
49063.000000 3965.000000 4252.000000 5970.000000 1041.000000 1404.000000 0.000000
25767.000000 3613.000000 2013.000000 10303.000000 314.000000 1384.000000 0.000000
68951.000000 4411.000000 12609.000000 8692.000000 751.000000 2406.000000 0.000000
40254.000000 640.000000 3600.000000 1042.000000 436.000000 18.000000 0.000000
7149.000000 2247.000000 1242.000000 1619.000000 1226.000000 128.000000 0.000000
15354.000000 2102.000000 2828.000000 8366.000000 386.000000 1027.000000 0.000000
16260.000000 594.000000 1296.000000 848.000000 445.000000 258.000000 0.000000
42786.000000 286.000000 471.000000 1388.000000 32.000000 22.000000 0.000000
2708.000000 2160.000000 2642.000000 502.000000 965.000000 1522.000000 0.000000
6022.000000 3354.000000 3261.000000 2507.000000 212.000000 686.000000 0.000000
2838.000000 3086.000000 4329.000000 3838.000000 825.000000 1060.000000 0.000000
3996.000000 11103.000000 12469.000000 902.000000 5952.000000 741.000000 1.000000
21273.000000 2013.000000 6550.000000 909.000000 811.000000 1854.000000 0.000000
7588.000000 1897.000000 5234.000000 417.000000 2208.000000 254.000000 1.000000
19087.000000 1304.000000 3643.000000 3045.000000 710.000000 898.000000 0.000000
8090.000000 3199.000000 6986.000000 1455.000000 3712.000000 531.000000 1.000000
6758.000000 4560.000000 9965.000000 934.000000 4538.000000 1037.000000 1.000000
444.000000 879.000000 2060.000000 264.000000 290.000000 259.000000 0.000000
16448.000000 6243.000000 6360.000000 824.000000 2662.000000 2005.000000 1.000000
5283.000000 13316.000000 20399.000000 1809.000000 8752.000000 172.000000 1.000000
2886.000000 5302.000000 9785.000000 364.000000 6236.000000 555.000000 1.000000
2599.000000 3688.000000 13829.000000 492.000000 10069.000000 59.000000 1.000000
161.000000 7460.000000 24773.000000 617.000000 11783.000000 2410.000000 1.000000
243.000000 12939.000000 8852.000000 799.000000 3909.000000 211.000000 1.000000
6468.000000 12867.000000 21570.000000 1840.000000 7558.000000 1543.000000 1.000000
17327.000000 2374.000000 2842.000000 1149.000000 351.000000 925.000000 0.000000
6987.000000 1020.000000 3007.000000 416.000000 257.000000 656.000000 0.000000
918.000000 20655.000000 13567.000000 1465.000000 6846.000000 806.000000 1.000000
7034.000000 1492.000000 2405.000000 12569.000000 299.000000 1117.000000 0.000000
29635.000000 2335.000000 8280.000000 3046.000000 371.000000 117.000000 0.000000
2137.000000 3737.000000 19172.000000 1274.000000 17120.000000 142.000000 1.000000
9784.000000 925.000000 2405.000000 4447.000000 183.000000 297.000000 0.000000
10617.000000 1795.000000 7647.000000 1483.000000 857.000000 1233.000000 0.000000
1479.000000 14982.000000 11924.000000 662.000000 3891.000000 3508.000000 1.000000
7127.000000 1375.000000 2201.000000 2679.000000 83.000000 1059.000000 0.000000
1182.000000 3088.000000 6114.000000 978.000000 821.000000 1637.000000 0.000000
11800.000000 2713.000000 3558.000000 2121.000000 706.000000 51.000000 0.000000
9759.000000 25071.000000 17645.000000 1128.000000 12408.000000 1625.000000 1.000000
1774.000000 3696.000000 2280.000000 514.000000 275.000000 834.000000 0.000000
9155.000000 1897.000000 5167.000000 2714.000000 228.000000 1113.000000 0.000000
15881.000000 713.000000 3315.000000 3703.000000 1470.000000 229.000000 0.000000
13360.000000 944.000000 11593.000000 915.000000 1679.000000 573.000000 0.000000
25977.000000 3587.000000 2464.000000 2369.000000 140.000000 1092.000000 0.000000
32717.000000 16784.000000 13626.000000 60869.000000 1272.000000 5609.000000 0.000000
4414.000000 1610.000000 1431.000000 3498.000000 387.000000 834.000000 0.000000
542.000000 899.000000 1664.000000 414.000000 88.000000 522.000000 0.000000
16933.000000 2209.000000 3389.000000 7849.000000 210.000000 1534.000000 0.000000
5113.000000 1486.000000 4583.000000 5127.000000 492.000000 739.000000 0.000000
9790.000000 1786.000000 5109.000000 3570.000000 182.000000 1043.000000 0.000000
11223.000000 14881.000000 26839.000000 1234.000000 9606.000000 1102.000000 1.000000
22321.000000 3216.000000 1447.000000 2208.000000 178.000000 2602.000000 0.000000
8565.000000 4980.000000 67298.000000 131.000000 38102.000000 1215.000000 1.000000
16823.000000 928.000000 2743.000000 11559.000000 332.000000 3486.000000 1.000000
27082.000000 6817.000000 10790.000000 1365.000000 4111.000000 2139.000000 1.000000
13970.000000 1511.000000 1330.000000 650.000000 146.000000 778.000000 0.000000
9351.000000 1347.000000 2611.000000 8170.000000 442.000000 868.000000 0.000000
3.000000 333.000000 7021.000000 15601.000000 15.000000 550.000000 0.000000
2617.000000 1188.000000 5332.000000 9584.000000 573.000000 1942.000000 0.000000
381.000000 4025.000000 9670.000000 388.000000 7271.000000 1371.000000 1.000000
2320.000000 5763.000000 11238.000000 767.000000 5162.000000 2158.000000 1.000000
255.000000 5758.000000 5923.000000 349.000000 4595.000000 1328.000000 0.000000
1689.000000 6964.000000 26316.000000 1456.000000 15469.000000 37.000000 1.000000
3043.000000 1172.000000 1763.000000 2234.000000 217.000000 379.000000 0.000000
1198.000000 2602.000000 8335.000000 402.000000 3843.000000 303.000000 0.000000
2771.000000 6939.000000 15541.000000 2693.000000 6600.000000 1115.000000 1.000000
27380.000000 7184.000000 12311.000000 2809.000000 4621.000000 1022.000000 1.000000
3428.000000 2380.000000 2028.000000 1341.000000 1184.000000 665.000000 0.000000
5981.000000 14641.000000 20521.000000 2005.000000 12218.000000 445.000000 1.000000
3521.000000 1099.000000 1997.000000 1796.000000 173.000000 995.000000 0.000000
1210.000000 10044.000000 22294.000000 1741.000000 12638.000000 3137.000000 1.000000
608.000000 1106.000000 1533.000000 830.000000 90.000000 195.000000 0.000000
117.000000 6264.000000 21203.000000 228.000000 8682.000000 1111.000000 1.000000
14039.000000 7393.000000 2548.000000 6386.000000 1333.000000 2341.000000 0.000000
190.000000 727.000000 2012.000000 245.000000 184.000000 127.000000 0.000000
22686.000000 134.000000 218.000000 3157.000000 9.000000 548.000000 0.000000
37.000000 1275.000000 22272.000000 137.000000 6747.000000 110.000000 1.000000
759.000000 18664.000000 1660.000000 6114.000000 536.000000 4100.000000 0.000000
796.000000 5878.000000 2109.000000 340.000000 232.000000 776.000000 0.000000
19746.000000 2872.000000 2006.000000 2601.000000 468.000000 503.000000 0.000000
4734.000000 607.000000 864.000000 1206.000000 159.000000 405.000000 0.000000
2121.000000 1601.000000 2453.000000 560.000000 179.000000 712.000000 0.000000
4627.000000 997.000000 4438.000000 191.000000 1335.000000 314.000000 0.000000
2615.000000 873.000000 1524.000000 1103.000000 514.000000 468.000000 0.000000
4692.000000 6128.000000 8025.000000 1619.000000 4515.000000 3105.000000 1.000000
9561.000000 2217.000000 1664.000000 1173.000000 222.000000 447.000000 0.000000
3477.000000 894.000000 534.000000 1457.000000 252.000000 342.000000 0.000000
22335.000000 1196.000000 2406.000000 2046.000000 101.000000 558.000000 0.000000
6211.000000 337.000000 683.000000 1089.000000 41.000000 296.000000 0.000000
39679.000000 3944.000000 4955.000000 1364.000000 523.000000 2235.000000 1.000000
20105.000000 1887.000000 1939.000000 8164.000000 716.000000 790.000000 0.000000
3884.000000 3801.000000 1641.000000 876.000000 397.000000 4829.000000 0.000000
15076.000000 6257.000000 7398.000000 1504.000000 1916.000000 3113.000000 1.000000
6338.000000 2256.000000 1668.000000 1492.000000 311.000000 686.000000 0.000000
5841.000000 1450.000000 1162.000000 597.000000 476.000000 70.000000 0.000000
3136.000000 8630.000000 13586.000000 5641.000000 4666.000000 1426.000000 1.000000
38793.000000 3154.000000 2648.000000 1034.000000 96.000000 1242.000000 0.000000
3225.000000 3294.000000 1902.000000 282.000000 68.000000 1114.000000 0.000000
4048.000000 5164.000000 10391.000000 130.000000 813.000000 179.000000 1.000000
28257.000000 944.000000 2146.000000 3881.000000 600.000000 270.000000 0.000000
17770.000000 4591.000000 1617.000000 9927.000000 246.000000 532.000000 0.000000
34454.000000 7435.000000 8469.000000 2540.000000 1711.000000 2893.000000 0.000000
1821.000000 1364.000000 3450.000000 4006.000000 397.000000 361.000000 0.000000
10683.000000 21858.000000 15400.000000 3635.000000 282.000000 5120.000000 0.000000
11635.000000 922.000000 1614.000000 2583.000000 192.000000 1068.000000 0.000000
1206.000000 3620.000000 2857.000000 1945.000000 353.000000 967.000000 0.000000
20918.000000 1916.000000 1573.000000 1960.000000 231.000000 961.000000 0.000000
9785.000000 848.000000 1172.000000 1677.000000 200.000000 406.000000 0.000000
9385.000000 1530.000000 1422.000000 3019.000000 227.000000 684.000000 0.000000
3352.000000 1181.000000 1328.000000 5502.000000 311.000000 1000.000000 0.000000
2647.000000 2761.000000 2313.000000 907.000000 95.000000 1827.000000 0.000000
518.000000 4180.000000 3600.000000 659.000000 122.000000 654.000000 0.000000
23632.000000 6730.000000 3842.000000 8620.000000 385.000000 819.000000 0.000000
12377.000000 865.000000 3204.000000 1398.000000 149.000000 452.000000 0.000000
9602.000000 1316.000000 1263.000000 2921.000000 841.000000 290.000000 0.000000
4515.000000 11991.000000 9345.000000 2644.000000 3378.000000 2213.000000 1.000000
11535.000000 1666.000000 1428.000000 6838.000000 64.000000 743.000000 0.000000
11442.000000 1032.000000 582.000000 5390.000000 74.000000 247.000000 0.000000
9612.000000 577.000000 935.000000 1601.000000 469.000000 375.000000 0.000000
4446.000000 906.000000 1238.000000 3576.000000 153.000000 1014.000000 0.000000
27167.000000 2801.000000 2128.000000 13223.000000 92.000000 1902.000000 0.000000
26539.000000 4753.000000 5091.000000 220.000000 10.000000 340.000000 0.000000
25606.000000 11006.000000 4604.000000 127.000000 632.000000 288.000000 0.000000
18073.000000 4613.000000 3444.000000 4324.000000 914.000000 715.000000 0.000000
6884.000000 1046.000000 1167.000000 2069.000000 593.000000 378.000000 0.000000
25066.000000 5010.000000 5026.000000 9806.000000 1092.000000 960.000000 0.000000
7362.000000 12844.000000 18683.000000 2854.000000 7883.000000 553.000000 1.000000
8257.000000 3880.000000 6407.000000 1646.000000 2730.000000 344.000000 1.000000
8708.000000 3634.000000 6100.000000 2349.000000 2123.000000 5137.000000 0.000000
6633.000000 2096.000000 4563.000000 1389.000000 1860.000000 1892.000000 0.000000
2126.000000 3289.000000 3281.000000 1535.000000 235.000000 4365.000000 0.000000
97.000000 3605.000000 12400.000000 98.000000 2970.000000 62.000000 0.000000
4983.000000 4859.000000 6633.000000 17866.000000 912.000000 2435.000000 0.000000
5969.000000 1990.000000 3417.000000 5679.000000 1135.000000 290.000000 0.000000
7842.000000 6046.000000 8552.000000 1691.000000 3540.000000 1874.000000 1.000000
4389.000000 10940.000000 10908.000000 848.000000 6728.000000 993.000000 1.000000
5065.000000 5499.000000 11055.000000 364.000000 3485.000000 1063.000000 0.000000
660.000000 8494.000000 18622.000000 133.000000 6740.000000 776.000000 1.000000
8861.000000 3783.000000 2223.000000 633.000000 1580.000000 1521.000000 0.000000
4456.000000 5266.000000 13227.000000 25.000000 6818.000000 1393.000000 0.000000
17063.000000 4847.000000 9053.000000 1031.000000 3415.000000 1784.000000 1.000000
26400.000000 1377.000000 4172.000000 830.000000 948.000000 1218.000000 0.000000
17565.000000 3686.000000 4657.000000 1059.000000 1803.000000 668.000000 1.000000
16980.000000 2884.000000 12232.000000 874.000000 3213.000000 249.000000 1.000000
11243.000000 2408.000000 2593.000000 15348.000000 108.000000 1886.000000 0.000000
13134.000000 9347.000000 14316.000000 3141.000000 5079.000000 1894.000000 0.000000
31012.000000 16687.000000 5429.000000 15082.000000 439.000000 1163.000000 0.000000
3047.000000 5970.000000 4910.000000 2198.000000 850.000000 317.000000 0.000000
8607.000000 1750.000000 3580.000000 47.000000 84.000000 2501.000000 0.000000
3097.000000 4230.000000 16483.000000 575.000000 241.000000 2080.000000 0.000000
8533.000000 5506.000000 5160.000000 13486.000000 1377.000000 1498.000000 0.000000
21117.000000 1162.000000 4754.000000 269.000000 1328.000000 395.000000 0.000000
1982.000000 3218.000000 1493.000000 1541.000000 356.000000 1449.000000 0.000000
16731.000000 3922.000000 7994.000000 688.000000 2371.000000 838.000000 0.000000
29703.000000 12051.000000 16027.000000 13135.000000 182.000000 2204.000000 0.000000
39228.000000 1431.000000 764.000000 4510.000000 93.000000 2346.000000 0.000000
14531.000000 15488.000000 30243.000000 437.000000 14841.000000 1867.000000 1.000000
10290.000000 1981.000000 2232.000000 1038.000000 168.000000 2125.000000 0.000000
2787.000000 1698.000000 2510.000000 65.000000 477.000000 52.000000 0.000000
