0.369231 0.253850 0.070922 0.004908 0.000000 0.052299 0.602575 0.009895 0.224659 0.000000
0.473489 0.114826 0.226950 0.008442 0.009742 0.052726 0.511887 -0.000548 0.255926 0.000000
0.892308 0.235278 0.219858 0.036874 0.022058 0.158526 0.481479 0.076906 0.308698 0.000000
0.676923 0.449150 0.120567 0.022934 -0.010611 0.064811 0.179436 0.003273 0.533934 0.000000
0.953846 0.528313 0.250535 0.019936 0.013748 0.204184 0.216074 0.093375 0.440565 0.000000
0.564267 0.321068 0.226950 0.014171 0.000419 0.029321 0.376740 0.006436 0.293215 0.000000
1.000000 0.214264 0.319047 0.063076 0.017222 0.088308 0.108120 0.023692 0.732326 0.000000
0.480983 0.268695 0.229186 0.072071 0.057592 0.000000 0.318692 0.024011 0.142110 0.000000
0.753846 0.179625 0.262411 0.052248 0.038671 0.040792 0.239191 0.038971 0.055072 0.000000
0.651121 0.281964 0.163121 0.044978 0.022228 0.095216 0.637200 0.049199 0.164867 0.000000
0.153846 0.195573 0.283734 0.177021 0.084142 0.119334 0.314808 0.085460 0.221835 0.000000
0.076923 0.229603 0.240297 0.116227 0.027581 0.363840 0.688874 0.017366 0.078033 0.000000
0.015385 0.222181 0.226599 0.029592 0.014639 0.187730 0.605046 0.057882 0.162101 0.000000
0.000000 0.014845 0.198682 0.065592 0.035089 0.053147 0.945580 0.006353 0.354822 0.000000
0.215385 0.174095 0.106383 -0.002661 0.024499 0.103023 0.447834 0.077830 0.072115 0.000000
0.307692 0.170518 0.184397 0.012658 0.046072 0.113750 0.512972 0.056154 0.010751 0.000000
0.413897 0.181110 0.170213 0.007800 0.004987 0.259849 1.000000 0.001394 0.088271 0.000000
0.569231 0.676388 0.177305 0.279235 0.075151 0.307807 0.168322 0.132766 0.241167 0.000000
0.615385 0.799640 0.248227 0.035607 0.023720 0.305641 0.104623 0.044263 0.482554 0.000000
0.483045 0.616222 0.191489 0.206932 0.103428 0.524162 0.094656 0.176096 0.274997 0.000000
0.685647 0.505062 0.184397 0.034144 0.018481 0.125787 0.190853 0.075344 0.295523 0.000000
0.153846 0.673224 0.200997 0.053536 0.020532 0.284279 0.178093 0.030624 0.318856 0.000000
0.560450 0.687860 0.253636 0.060291 0.029957 0.486582 0.125154 0.271179 0.519871 0.000000
0.169231 0.567039 0.240515 0.034697 0.017870 0.405988 0.187786 0.167665 0.416287 0.000000
0.897666 0.599401 0.212766 0.088685 0.036289 0.093289 0.221948 0.088516 0.715278 0.000000
0.323077 0.559072 0.163121 0.077247 0.017576 0.414908 0.081385 0.069647 0.250984 0.000000
0.400000 1.000000 0.326241 0.076230 0.052280 0.542055 0.082773 0.208407 0.509088 0.000000
0.646154 0.875247 0.335893 0.121600 0.064475 0.484493 0.239095 0.255697 0.639156 0.000000
0.169231 0.835319 0.212766 0.078264 0.042548 0.538548 0.145967 0.238649 0.220858 0.000000
0.184615 0.782081 0.211612 0.061516 0.033886 0.475707 0.093720 0.158599 0.254109 0.000000
0.646154 0.882898 0.290780 0.125312 0.138404 0.818852 0.127083 0.242239 0.455107 0.000000
0.690672 0.911494 0.212931 0.138199 0.084104 0.266062 0.505002 0.089404 0.393266 0.000000
0.061538 0.449692 0.191489 0.170343 0.055852 0.746772 0.108913 0.247835 0.189266 0.000000
0.726206 0.794318 0.205674 0.102868 0.035420 0.312924 0.193842 0.044369 0.553313 0.000000
0.415385 0.461126 0.207232 0.025398 0.010771 0.183566 0.042218 0.090825 0.258996 0.000000
0.661538 0.556035 0.134752 0.026709 0.027113 0.169562 0.014794 0.012644 0.326434 0.000000
0.646154 0.636783 0.156028 0.031217 0.015387 0.138581 0.071765 0.073349 0.375403 0.000000
0.353557 0.572439 0.430858 0.057364 0.038205 0.920926 0.141297 1.000000 0.131705 0.000000
0.553846 0.394843 0.304965 0.083038 0.034088 0.329448 0.014794 0.216041 0.332251 0.000000
0.815385 0.426741 0.113475 0.025862 0.010583 0.133537 0.177813 0.075736 0.346381 0.000000
0.800000 0.536817 0.163121 0.052545 0.025759 0.213641 0.157045 0.096927 0.395103 0.000000
0.800000 0.580275 0.241135 0.122218 0.081100 0.367342 0.211374 0.119640 0.200523 0.000000
0.784615 0.441888 0.177305 0.049350 0.014086 0.070712 0.201869 0.055352 0.175209 0.000000
0.692308 0.699202 0.219157 0.061802 0.031657 0.126022 0.278473 0.066469 0.135725 0.000000
0.723077 0.732444 0.297872 0.099451 0.066344 0.607091 0.177935 0.013803 0.430336 0.000000
0.646154 0.420366 0.212766 0.064432 0.013483 0.238865 0.164799 0.044305 0.108942 0.000000
0.417096 0.362714 0.241135 0.100789 0.057188 0.716712 0.156619 0.016312 0.284460 0.000000
0.522954 0.212195 0.197338 0.019205 0.002106 0.027010 0.244923 0.018428 0.099181 0.000000
0.692308 0.545803 0.205674 0.147640 0.076577 0.476462 0.128558 0.146394 0.372049 0.000000
0.530937 0.407249 0.255319 0.067667 0.027810 0.041166 0.256356 0.081170 0.112649 0.000000
0.800000 0.580480 0.354610 0.084696 0.042137 0.203178 0.090139 0.066979 0.440750 0.000000
0.503048 0.404745 0.225797 0.029447 0.020049 0.109679 0.209102 0.108556 0.268054 0.000000
0.323077 0.304409 0.284778 0.203827 0.113762 0.038812 0.533218 0.251288 0.279062 1.000000
0.323077 0.227426 0.230007 0.037981 0.014845 0.040037 0.180887 0.071096 0.203989 1.000000
0.384615 0.127994 0.241135 0.081172 0.097047 0.080606 0.185690 0.252348 0.164301 1.000000
0.153846 0.290588 0.226950 0.343882 0.181297 0.144521 0.385894 0.112249 0.219559 1.000000
0.276923 0.147951 0.234043 0.074571 0.043203 0.139187 0.187085 0.179568 0.167056 1.000000
0.676923 0.134239 0.297872 0.067252 0.044442 0.062678 0.190156 0.133508 0.243832 1.000000
0.415385 0.037739 0.234043 0.005349 0.021710 0.006454 0.114105 0.029922 0.027083 1.000000
0.584615 0.212099 0.294447 0.115261 0.111887 0.174167 0.263309 0.130746 0.398240 1.000000
0.215385 0.246352 0.252483 0.070703 0.031136 0.208641 0.464767 0.146932 0.092710 1.000000
0.555322 0.672036 0.368794 0.154597 0.056091 0.328828 0.218467 0.158306 0.403847 1.000000
0.384615 0.148328 0.127660 0.003712 0.001649 0.023531 0.061294 0.027830 0.418631 1.000000
0.415385 0.223805 0.304965 0.005497 0.009305 0.043100 0.526829 0.035373 0.189634 1.000000
0.538462 0.220839 0.269504 0.027162 0.048463 0.123215 0.442152 0.063315 0.207508 1.000000
0.323077 0.236061 0.397163 0.044085 0.038043 0.159200 0.367108 0.111604 0.286061 1.000000
0.461538 0.289417 0.184397 0.079070 0.057400 0.187846 0.056322 0.124011 0.356533 1.000000
0.615385 0.190621 0.224213 0.044253 0.037037 0.091655 0.085971 0.066192 0.211868 1.000000
0.338462 0.259638 0.198582 0.017634 0.011185 0.099559 0.444072 0.068525 0.177139 1.000000
0.307692 0.058885 0.274632 0.240201 0.162749 0.130864 0.514347 0.109962 0.105783 1.000000
0.323077 0.093524 0.226950 0.020211 0.023796 0.056975 0.412654 0.058689 0.089572 1.000000
0.307692 0.315210 0.326241 1.000000 0.602773 0.161093 0.396987 0.026619 0.341871 1.000000
0.415385 0.321344 0.319149 0.064218 0.044517 0.061755 0.305189 0.096143 0.185726 1.000000
0.738462 0.259788 0.319149 0.035482 0.027555 0.203201 0.276484 0.084831 0.306385 1.000000
0.338462 0.190017 0.184397 0.615906 0.299753 0.283691 0.222735 0.098189 0.231451 1.000000
0.472411 0.405394 0.220538 0.098176 0.087955 0.272496 0.130944 0.163392 0.241609 1.000000
0.476923 0.507197 0.226950 0.253498 0.134550 0.382840 0.247060 0.176090 0.269722 1.000000
0.292308 0.637347 0.304965 0.266117 0.195713 0.575544 0.304061 0.449272 0.441414 1.000000
0.953846 0.410548 1.000000 0.767189 0.700531 0.504089 0.123411 0.268223 1.000000 1.000000
0.261538 0.410850 0.262411 0.349843 0.202453 0.469878 0.325386 0.312112 0.446541 1.000000
0.538462 0.525067 0.120567 0.013493 0.005618 0.274087 0.406345 0.361014 0.523204 1.000000
0.876923 0.766135 0.294416 0.129168 0.078006 0.401256 0.246826 0.333988 0.230142 1.000000
0.369231 0.697317 0.276596 0.468426 0.265856 0.486065 0.220650 0.210177 0.332464 1.000000
0.723077 0.353322 0.368794 0.186887 0.097807 0.569174 0.105268 0.501137 0.422432 1.000000
0.276923 0.540700 0.269504 0.120961 0.022011 0.750146 0.138511 0.639646 0.602688 1.000000
0.630769 0.558993 0.177305 0.095620 0.105927 0.294384 0.154652 0.158038 0.352882 1.000000
0.369231 0.482711 0.212766 0.001928 0.003924 0.238813 0.235441 0.163523 0.226202 1.000000
0.938462 0.461126 1.180470 0.881381 1.000000 0.774365 0.255202 0.659213 1.145884 1.000000
0.369231 0.637347 0.985816 0.640441 0.714410 0.770773 0.067285 0.639128 1.000000 1.000000
0.488597 0.533656 0.560284 0.252552 0.212261 0.216094 0.236550 0.136443 0.308162 1.000000
0.246154 0.616888 0.482269 0.610294 0.519056 0.426931 0.244346 0.181836 0.358477 1.000000
0.892308 0.635738 0.283688 0.279235 0.115761 0.317955 0.227233 0.212155 0.573929 1.000000
0.430769 0.716747 0.441864 0.262956 0.244726 0.594761 0.126773 0.266649 0.434966 1.000000
0.384615 0.594965 0.341325 0.325357 0.315608 0.442955 0.287451 0.032425 0.369449 1.000000
0.553846 0.636428 0.503546 0.494360 0.253170 0.390048 0.185478 0.247206 0.211896 1.000000
0.384615 0.665411 0.284268 0.087657 0.039959 0.547031 0.110731 0.222563 0.307980 1.000000
0.408410 0.583858 0.256516 0.120940 0.072456 0.459905 0.259223 0.251275 0.218664 1.000000
0.246154 0.354036 0.304965 0.000000 0.006121 0.116454 0.331752 0.289056 0.194050 1.000000
0.257282 0.472346 0.312057 0.153440 0.170911 0.572168 0.000000 0.583494 0.127168 1.000000
0.410098 0.424833 0.197507 0.088690 0.031415 0.366393 0.099824 0.202456 0.186207 1.000000
0.515139 0.508697 0.198582 0.090153 0.007582 0.311883 0.164803 0.191986 0.318625 1.000000
0.646154 0.405394 0.227015 0.073035 0.039248 0.207648 0.186179 0.148425 0.135329 1.000000
0.467820 0.620799 0.262411 0.143839 0.083096 0.461919 0.056455 0.218767 0.307031 1.000000
0.395113 0.532755 0.198096 0.152013 0.072173 0.418655 0.031027 0.146529 0.112656 1.000000
0.507692 0.814901 0.248227 0.180553 0.060799 0.513960 0.019485 0.196538 0.369111 1.000000
0.753846 0.927290 0.524823 0.142934 0.056766 0.431497 0.046164 0.046677 0.449631 1.000000
0.323077 0.447038 0.212766 0.040712 0.023548 0.259406 0.137099 0.156500 0.348197 1.000000
0.338462 0.732851 0.196103 0.059220 0.021101 0.296680 0.206244 0.071999 0.098843 1.000000
0.676923 0.850621 0.178531 0.102056 -0.008719 0.157720 0.281552 0.012422 0.092313 1.000000
0.371685 0.488699 0.652482 0.290224 0.087901 0.537624 0.185400 0.314855 0.032438 1.000000
0.522389 0.709924 0.418440 0.110601 0.089847 0.988252 0.170714 0.655972 0.318050 1.000000
0.323077 0.419620 0.226950 0.016028 0.066596 0.585897 0.287049 0.098238 0.226075 1.000000
0.584615 0.419125 0.283688 0.037446 0.026441 0.094674 0.446839 0.052098 0.172043 1.000000
0.630769 0.676934 0.262411 0.058863 0.036757 0.664996 0.573988 0.139401 0.162294 1.000000
0.738462 0.357271 0.156028 0.006925 0.004189 0.038655 0.882091 0.000761 0.209741 1.000000
0.355110 0.435950 0.553191 0.311951 0.256680 1.000000 0.342293 0.401848 0.026774 1.000000
