48.000000 23.500000 70.000000 2.707000 0.467409 8.807100 9.702400 7.995850 417.114000 0.000000
83.000000 20.690495 92.000000 3.115000 0.706897 8.843800 5.429285 4.064050 468.786000 0.000000
82.000000 23.124670 91.000000 4.498000 1.009651 17.939300 22.432040 9.277150 554.697000 0.000000
68.000000 21.367521 77.000000 3.226000 0.612725 9.882700 7.169560 12.766000 928.220000 0.000000
86.000000 21.111111 92.000000 3.549000 0.805386 6.699400 4.819240 10.576350 773.920000 0.000000
49.000000 22.854458 92.000000 3.226000 0.732087 6.831700 13.679750 10.317600 530.410000 0.000000
89.000000 22.700000 77.000000 4.690000 0.890787 6.964000 5.589865 12.936100 1256.083000 0.000000
76.000000 23.800000 118.000000 6.470000 1.883201 4.311000 13.251320 5.104200 280.694000 0.000000
73.000000 22.000000 97.000000 3.350000 0.801543 4.470000 10.358725 6.284450 136.855000 0.000000
75.000000 23.000000 83.000000 4.952000 1.013839 17.127000 11.578990 7.091300 318.302000 0.000000
34.000000 21.470000 78.000000 3.469000 0.667436 14.570000 13.110000 6.920000 354.600000 0.000000
29.000000 23.010000 82.000000 5.663000 1.145436 35.590000 26.720000 4.580000 174.800000 0.000000
25.000000 22.860000 82.000000 4.090000 0.827271 20.450000 23.670000 5.140000 313.730000 0.000000
24.000000 18.670000 88.000000 6.107000 1.330000 8.880000 36.060000 6.850000 632.220000 0.000000
38.000000 23.340000 75.000000 5.782000 1.069670 15.260000 17.950000 9.350000 165.020000 0.000000
44.000000 20.760000 86.000000 7.553000 1.600000 14.090000 20.320000 7.640000 63.610000 0.000000
47.000000 22.030000 84.000000 2.869000 0.590000 26.650000 38.040000 3.320000 191.720000 0.000000
61.000000 32.038959 85.000000 18.077000 3.790144 30.772900 7.780255 13.683920 444.395000 0.000000
64.000000 34.529723 95.000000 4.427000 1.037394 21.211700 5.462620 6.701880 252.449000 0.000000
32.000000 36.512637 87.000000 14.026000 3.009980 49.372700 5.100000 17.102230 588.460000 0.000000
36.000000 28.576676 86.000000 4.345000 0.921719 15.124800 8.600000 9.153900 534.224000 0.000000
34.000000 31.975015 87.000000 4.530000 0.972138 28.750200 7.642760 5.625920 572.783000 0.000000
29.000000 32.270788 84.000000 5.810000 1.203832 45.619600 6.209635 24.603300 904.981000 0.000000
35.000000 30.276817 84.000000 4.376000 0.906707 39.213400 9.048185 16.437060 733.797000 0.000000
54.000000 30.483158 90.000000 5.537000 1.229214 12.331000 9.731380 10.192990 1227.910000 0.000000
45.000000 37.035608 83.000000 6.760000 1.383997 39.980200 4.617125 8.704480 586.173000 0.000000
50.000000 38.578759 106.000000 6.703000 1.752611 46.640100 4.667645 11.783880 887.160000 0.000000
66.000000 31.446541 90.000000 9.245000 2.052390 45.962400 10.355260 23.381900 1102.110000 0.000000
35.000000 35.250761 90.000000 6.817000 1.513374 50.609400 6.966895 22.037030 667.928000 0.000000
36.000000 34.174890 80.000000 6.590000 1.300427 10.280900 5.065915 15.721870 581.313000 0.000000
66.000000 36.212279 101.000000 15.533000 3.869788 74.706900 7.539550 22.320240 864.968000 0.000000
53.000000 36.790166 101.000000 10.175000 2.534932 27.184100 20.030000 10.263090 695.754000 0.000000
28.000000 35.855815 87.000000 8.576000 1.840410 68.510200 4.794200 21.443660 358.624000 0.000000
43.000000 34.422174 89.000000 23.194000 5.091856 31.212800 8.300955 6.710260 960.246000 0.000000
51.000000 27.688778 77.000000 3.855000 0.732193 20.092000 3.192090 10.375180 473.859000 0.000000
67.000000 29.606767 79.000000 5.819000 1.133929 21.903300 2.194280 4.207500 585.307000 0.000000
66.000000 31.238590 82.000000 4.181000 0.845677 16.224700 4.267105 3.291750 634.602000 0.000000
69.000000 35.092702 101.000000 5.646000 1.406607 83.482100 6.796985 82.100000 263.499000 0.000000
60.000000 26.349292 103.000000 5.138000 1.305395 24.299800 2.194280 20.253500 378.996000 0.000000
77.000000 35.587929 76.000000 3.881000 0.727558 21.786300 8.125550 17.261500 618.272000 0.000000
76.000000 29.218408 83.000000 5.376000 1.100646 28.562000 7.369960 8.043750 698.789000 0.000000
76.000000 27.200000 94.000000 14.070000 3.262364 35.891000 9.346630 8.415600 377.227000 0.000000
75.000000 27.300000 85.000000 5.197000 1.089638 10.390000 9.000805 7.576700 335.393000 0.000000
69.000000 32.500000 93.000000 5.430000 1.245642 15.145000 11.787960 11.787960 270.142000 0.000000
71.000000 30.300000 102.000000 8.340000 2.098344 56.502000 8.130000 4.298900 200.976000 0.000000
66.000000 27.700000 90.000000 6.042000 1.341324 24.846000 7.652055 6.705200 225.880000 0.000000
75.000000 25.700000 94.000000 8.079000 1.873251 65.926000 3.741220 4.496850 206.802000 0.000000
78.000000 25.300000 60.000000 3.508000 0.519184 6.633000 10.567295 4.663800 209.749000 0.000000
69.000000 29.400000 89.000000 10.704000 2.349885 45.272000 8.286300 4.530000 215.769000 0.000000
85.000000 26.600000 96.000000 4.462000 1.056602 7.850000 7.931700 9.613500 232.006000 0.000000
76.000000 27.100000 110.000000 26.211000 7.111918 21.778000 4.935635 8.493950 45.843000 0.000000
77.000000 25.900000 85.000000 4.580000 0.960273 13.740000 9.753260 11.774000 488.829000 0.000000
45.000000 21.303949 102.000000 13.852000 3.485163 7.647600 21.056625 23.034080 552.444000 1.000000
45.000000 20.829995 74.000000 4.560000 0.832352 7.752900 8.237405 28.032300 382.955000 1.000000
49.000000 20.956608 94.000000 12.305000 2.853119 11.240600 8.412175 23.117700 573.630000 1.000000
34.000000 24.242424 92.000000 21.699000 4.924226 16.735300 21.823745 12.065340 481.949000 1.000000
42.000000 21.359915 93.000000 2.999000 0.687971 19.082600 8.462915 17.376150 321.919000 1.000000
68.000000 21.082813 102.000000 6.200000 1.559920 9.699400 8.574655 13.742440 448.799000 1.000000
51.000000 19.132653 93.000000 4.364000 1.001102 11.081600 5.807620 5.570550 90.600000 1.000000
62.000000 22.656250 92.000000 3.482000 0.790182 9.864800 11.236235 10.695480 703.973000 1.000000
38.000000 22.499637 95.000000 5.261000 1.232828 8.438000 4.771920 15.736060 199.055000 1.000000
69.000000 21.513859 112.000000 6.683000 1.846290 32.580000 4.138025 15.698760 713.239000 1.000000
49.000000 21.367521 78.000000 2.640000 0.507936 6.333900 3.886145 22.942540 737.672000 1.000000
51.000000 22.892820 103.000000 2.740000 0.696143 8.016300 9.349775 11.554920 359.232000 1.000000
59.000000 22.832879 98.000000 6.862000 1.658774 14.903700 4.230105 8.204900 355.310000 1.000000
45.000000 23.140496 116.000000 4.902000 1.402626 17.997300 4.294705 5.263300 518.586000 1.000000
54.000000 24.218750 86.000000 3.730000 0.791257 8.687400 3.705230 10.344550 635.049000 1.000000
64.000000 22.222222 98.000000 5.700000 1.377880 12.190500 4.783985 13.912450 395.976000 1.000000
46.000000 20.830000 88.000000 3.420000 0.742368 12.870000 18.550000 13.560000 301.210000 1.000000
44.000000 19.560000 114.000000 15.890000 4.468268 13.080000 20.370000 4.620000 220.660000 1.000000
45.000000 20.260000 92.000000 3.440000 0.780651 7.650000 16.670000 7.840000 193.870000 1.000000
44.000000 24.740000 106.000000 58.460000 15.285341 18.160000 16.100000 5.310000 244.750000 1.000000
51.000000 18.370000 105.000000 6.030000 1.561770 9.620000 12.760000 3.210000 513.660000 1.000000
72.000000 23.620000 105.000000 4.420000 1.144780 21.780000 17.860000 4.820000 195.940000 1.000000
46.000000 22.210000 86.000000 36.940000 7.836205 10.160000 9.760000 5.680000 312.000000 1.000000
43.000000 26.562500 101.000000 10.555000 2.629602 9.800000 6.420295 16.100000 806.724000 1.000000
55.000000 31.975015 92.000000 16.635000 3.775036 37.223400 11.018455 7.165140 483.377000 1.000000
43.000000 31.250000 103.000000 4.328000 1.099601 25.781600 12.718960 38.653100 775.322000 1.000000
86.000000 26.666667 201.000000 41.611000 20.630734 47.647000 5.357135 24.370100 1698.440000 1.000000
41.000000 26.672763 97.000000 22.033000 5.271762 44.705900 13.494865 27.832500 783.796000 1.000000
59.000000 28.672626 77.000000 3.188000 0.605507 17.022000 16.440480 31.690400 910.489000 1.000000
81.000000 31.640368 100.000000 9.669000 2.385020 38.806600 10.636525 29.558300 426.175000 1.000000
48.000000 32.461911 99.000000 28.677000 7.002923 46.076000 21.570000 10.157260 738.034000 1.000000
71.000000 25.510204 112.000000 10.395000 2.871792 19.065300 5.486100 42.744700 799.898000 1.000000
42.000000 29.296875 98.000000 4.172000 1.008511 12.261700 6.695585 53.671700 1041.843000 1.000000
65.000000 29.666548 85.000000 14.649000 3.071407 26.516600 7.282870 19.463240 1698.440000 1.000000
48.000000 28.125000 90.000000 2.540000 0.563880 15.532500 10.222310 16.110320 1698.440000 1.000000
85.000000 27.688778 196.000000 51.814000 25.050342 70.882400 7.901685 55.215300 1078.359000 1.000000
48.000000 31.250000 199.000000 12.162000 5.969920 18.131400 4.104105 53.630800 1698.440000 1.000000
58.000000 29.154519 139.000000 16.582000 5.685415 22.888400 10.262660 13.973990 923.886000 1.000000
40.000000 30.836531 128.000000 41.894000 13.227332 31.038500 6.160995 17.555030 638.261000 1.000000
82.000000 31.217482 100.000000 18.077000 4.458993 31.645300 9.923650 19.946870 994.316000 1.000000
52.000000 30.801249 87.000000 30.212000 6.483495 29.273900 6.268540 24.245910 764.667000 1.000000
49.000000 32.461911 134.000000 24.887000 8.225983 42.391400 10.793940 5.768000 656.393000 1.000000
60.000000 31.231410 131.000000 30.130000 9.736007 37.843000 8.404430 11.500050 396.021000 1.000000
49.000000 29.777778 70.000000 8.396000 1.449709 51.338700 10.731740 20.768010 602.486000 1.000000
44.000000 27.887617 99.000000 9.208000 2.248594 12.675700 5.478170 23.033060 407.206000 1.000000
40.000000 27.636054 103.000000 2.432000 0.617890 14.322400 6.783870 26.013600 293.123000 1.000000
71.000000 27.915519 104.000000 18.200000 4.668907 53.499700 1.656020 49.241840 256.001000 1.000000
69.000000 28.444444 108.000000 8.808000 2.346451 14.748500 5.288025 16.485080 353.568000 1.000000
74.000000 28.650138 88.000000 3.012000 0.653805 31.123300 7.652220 18.355740 572.401000 1.000000
66.000000 26.562500 89.000000 6.524000 1.432235 14.908400 8.429960 14.919220 269.487000 1.000000
65.000000 30.915577 97.000000 10.491000 2.510147 44.021700 3.710090 20.468500 396.648000 1.000000
72.000000 29.136316 83.000000 10.949000 2.241625 26.808100 2.784910 14.769660 232.018000 1.000000
57.000000 34.838148 95.000000 12.548000 2.940415 33.161200 2.364950 9.954200 655.834000 1.000000
73.000000 37.109375 134.000000 5.636000 1.862886 41.406400 3.335665 6.892350 788.902000 1.000000
45.000000 29.384757 90.000000 4.713000 1.046286 23.847900 6.644245 15.556250 621.273000 1.000000
46.000000 33.180000 92.000000 5.750000 1.304867 18.690000 9.160000 8.890000 209.190000 1.000000
68.000000 35.560000 131.000000 8.150000 2.633537 17.870000 11.900000 4.190000 198.400000 1.000000
75.000000 30.480000 152.000000 7.010000 2.628283 50.530000 10.060000 11.730000 99.450000 1.000000
54.000000 36.050000 119.000000 11.910000 3.495982 89.270000 8.010000 5.060000 218.280000 1.000000
45.000000 26.850000 92.000000 3.330000 0.755688 54.680000 12.100000 10.960000 268.230000 1.000000
62.000000 26.840000 100.000000 4.530000 1.117400 12.450000 21.420000 7.320000 330.160000 1.000000
65.000000 32.050000 97.000000 5.730000 1.370998 61.480000 22.540000 10.330000 314.050000 1.000000
72.000000 25.590000 82.000000 2.820000 0.570392 24.960000 33.750000 3.270000 392.460000 1.000000
86.000000 27.180000 138.000000 19.910000 6.777364 90.280000 14.110000 4.350000 90.090000 1.000000
