0.622074 0.318898 0.158215 0.598380 0.334582 0.743858 0.560221 0.731664 0.412524 0.576656 0.633046 0.488121 0.552570 0.513889 0.556634 0.534874 0.605102 0.212112 0.441433 0.351886 0.046053 0.308625 0.734949 0.585453 0.433484 0.657012 0.573903 0.846731 0.130069 0.013251 0.255526 0.797108 1.000000 0.390982 0.432759 0.281000 0.439000 0.490034 0.353339 0.673000 0.184000 0.619032 0.538603 0.383000 0.511475 0.285999 0.398783 0.117861 0.877023 0.608952 0.000000
0.622074 0.412224 0.160855 0.598380 0.334582 0.743858 0.530522 0.724615 0.412524 0.563145 0.633046 0.508362 0.471552 0.596474 0.556634 0.527801 0.532552 0.212112 0.441433 0.351886 0.046053 0.308625 0.734949 0.585453 0.509069 0.780620 0.643637 0.740065 0.124313 0.013251 0.374384 0.865969 0.565549 0.409000 0.951000 0.281000 0.498613 0.489702 0.156000 0.673000 0.184000 0.687894 0.488545 0.666352 0.566037 0.256684 0.019380 0.487004 0.865200 0.500000 0.000000
0.351171 0.475353 0.122966 0.405727 0.239228 0.682760 0.923077 0.811706 0.395739 0.609772 0.634587 0.567315 0.525000 0.659722 0.637540 0.545900 0.636719 0.114002 0.526622 0.338977 0.059211 0.394879 0.283240 0.652916 0.378059 0.675305 0.316239 0.620259 0.175352 0.029198 0.093596 0.736192 0.420000 0.280000 0.442000 1.000000 0.465247 0.883000 0.349643 0.544000 0.538000 0.465000 0.440000 0.614000 0.578830 0.331551 0.546512 0.379477 0.906149 0.545455 0.000000
0.916388 0.677165 0.210648 0.340395 0.156613 0.840419 0.493782 0.731478 0.480955 0.568078 0.630391 0.502520 0.530172 0.663690 0.715210 0.665317 0.604491 0.204387 0.384318 0.643881 0.102733 0.558381 0.600708 0.554435 0.866989 0.937500 1.000000 0.996594 0.015405 0.038073 0.262353 0.947644 0.392000 0.129000 0.270000 0.060000 0.203000 0.084000 0.020000 0.132000 0.326000 0.625787 0.513446 0.142000 0.416393 0.288043 0.726744 0.728461 0.825516 0.681818 0.000000
0.449118 0.334646 0.143234 0.524446 0.089734 0.711814 0.691386 0.578494 0.442211 0.571383 0.593895 0.685385 0.408621 0.583248 0.507012 0.480432 0.600819 0.236893 0.483059 0.445974 0.104242 0.597035 0.447376 0.455955 0.523579 0.940549 0.580513 0.487601 0.127395 0.038923 0.147783 0.832461 0.603000 0.389453 0.038000 0.129000 0.338000 1.000000 0.839000 0.464434 0.186000 0.622297 0.083000 0.875000 0.576104 0.290102 0.387597 0.321394 0.809061 0.500000 0.000000
0.685619 0.488189 0.093280 0.561635 0.310603 0.758171 0.621833 0.742287 0.409942 0.641042 0.631084 0.439165 0.557759 0.596985 0.535290 0.618084 0.613970 0.321700 0.663117 0.390983 0.118421 0.570081 0.506971 0.516807 0.492140 0.635671 0.567044 0.612071 0.129391 0.035902 0.152709 0.790507 0.633000 0.537000 0.259000 0.496000 1.000000 0.786000 0.112000 0.635775 0.365000 0.612428 0.293000 0.233000 0.575709 0.290290 0.158915 0.419794 0.847896 0.727273 0.000000
0.441582 0.440547 0.146037 0.548507 0.231547 0.790216 0.524643 0.782668 0.450283 0.609121 0.620438 0.539237 0.651724 0.744048 0.538296 0.417004 0.555990 0.141652 0.514019 0.453438 0.099651 0.584906 0.695434 0.274659 0.692866 0.727134 0.611606 0.768009 0.092833 0.009153 0.374384 0.769867 0.503524 0.388832 0.420679 0.350265 0.458000 0.348000 0.138000 0.319000 0.501000 1.000000 0.190000 0.132000 0.639344 0.302367 0.352713 0.405360 0.779935 0.818182 0.000000
0.453730 0.330709 0.164143 0.367852 0.159423 0.650502 0.555348 0.492740 0.446620 0.552443 0.675514 0.366451 0.534483 0.741071 0.570658 0.534424 0.622396 0.203177 0.474347 0.584310 0.099269 0.532345 0.614683 0.550098 0.465538 0.795732 0.594123 0.303764 0.123108 0.028351 0.044335 0.738220 0.527327 0.615000 1.000000 0.372000 0.593000 0.259000 0.135000 0.518209 0.470515 0.900000 0.581000 0.467000 0.575539 0.101604 0.643411 0.439578 0.838188 0.606981 0.000000
0.765886 0.188976 0.194590 0.394665 0.213359 0.832087 0.509194 0.680127 0.464170 0.570426 0.696085 0.487401 0.492241 0.649802 0.591319 0.802969 0.604167 0.617361 0.565344 0.448560 0.080697 0.623989 0.679275 0.559830 0.543111 0.776527 0.666055 0.741791 0.092967 0.012860 0.650246 0.890052 1.000000 0.344000 0.316000 0.617000 0.179000 0.949000 0.317203 0.804407 0.729961 0.700289 0.691000 0.165000 0.565827 0.215591 0.344961 0.479358 0.828479 0.681818 0.000000
0.183946 0.425949 0.096513 0.527246 0.289951 0.777612 0.642561 0.708258 0.442501 0.585232 0.623730 0.508998 0.553358 0.445437 0.529666 0.532883 0.303385 0.027002 0.582769 0.375490 0.099321 0.654987 0.488691 0.616625 0.391778 0.753049 0.499187 0.817573 0.163265 0.027099 0.359606 0.848168 0.082000 0.342000 0.385904 0.250000 0.347000 0.117000 0.358000 0.442388 1.000000 0.597000 0.360000 0.266000 0.569888 0.245989 0.122093 0.106002 0.877023 0.681818 0.000000
0.224080 0.465910 0.130840 0.570143 0.313601 0.790002 0.549977 0.740776 0.428684 0.586001 0.742535 0.520518 0.560345 0.600198 0.533981 0.511471 0.558594 0.069699 0.496612 0.397870 0.092105 0.555256 0.549332 0.666718 0.625151 0.725431 0.499813 0.707705 0.150569 0.021463 0.275862 0.795812 0.541000 0.379745 0.417416 0.430032 0.465888 0.761000 0.339234 0.692000 0.649000 0.648597 0.678358 0.578062 0.491803 0.252763 0.432833 0.443101 0.828479 0.599085 0.000000
0.426342 0.456693 0.164531 0.367489 0.260959 0.721710 0.540765 0.757713 0.315042 0.590228 0.550763 0.573794 0.459483 0.558532 0.725998 0.519702 0.761719 0.394318 0.663117 0.344174 0.118421 0.516173 0.722956 0.546689 0.365556 0.753049 0.648543 0.851640 0.121634 0.017839 0.374384 0.853403 0.509049 0.078000 0.384823 0.156000 0.039000 0.120000 0.019000 0.481000 0.353000 0.558564 0.348704 0.595000 0.544262 0.208556 0.131783 0.401773 0.828517 0.603429 0.000000
0.408027 0.444033 0.104058 0.997241 0.159423 0.739960 0.534382 0.822142 0.563589 0.645603 0.627879 0.397408 0.581897 0.610802 0.628910 0.465587 0.506510 0.166465 0.517317 0.446340 0.097828 0.296496 0.790694 0.563059 0.521161 0.850610 0.634533 0.859547 0.118783 0.008195 0.418719 0.921466 0.294000 0.394023 0.458435 0.376969 0.695000 0.449000 0.056000 0.353000 0.395000 1.000000 0.524000 0.773000 0.488525 0.197861 0.327519 0.478811 0.864078 0.601162 0.000000
0.341137 0.716535 0.233281 0.408965 0.142375 0.731212 0.604873 0.632033 0.369271 0.577850 0.597213 0.575954 0.566379 0.565431 0.497736 0.524034 0.576823 0.062688 0.392062 0.442221 0.111842 0.552211 0.519749 0.476641 0.278355 0.694968 0.500643 0.578201 0.168560 0.010211 0.171754 0.774869 0.329000 0.329743 0.313000 0.238301 0.936000 0.131000 0.057000 0.474000 0.340683 0.518446 0.370714 0.379000 0.429508 0.203209 0.394340 0.366561 0.759780 0.409091 0.000000
0.327759 0.488189 0.099801 0.216879 0.300674 0.739499 0.595877 0.775408 0.448083 0.613681 0.627074 0.401728 0.494828 0.505952 0.499461 0.537441 0.636719 0.120111 0.440465 0.338213 0.105263 0.565444 0.299493 0.554435 0.361548 0.677388 0.351344 0.410330 0.209913 0.043418 0.184217 0.734222 0.805000 1.000000 0.089000 0.016000 0.611000 0.850000 0.523000 0.727000 0.113000 0.210000 0.158000 0.543394 0.574574 0.345559 0.416936 0.565586 0.935275 0.727273 0.000000
0.450062 0.523622 0.127961 0.967307 0.286812 0.746124 0.603409 0.809437 0.667527 0.594953 0.619111 0.526504 0.578448 0.666667 0.431499 0.677463 0.799479 0.241412 0.523471 0.268333 0.101309 0.265499 0.556395 0.488963 0.754534 0.620427 0.526501 0.760780 0.132083 0.034615 0.275862 0.764398 0.551480 0.268000 0.408000 0.436432 0.135000 0.248000 0.204000 0.679334 1.000000 0.587409 0.412000 0.472000 0.511475 0.305185 0.444908 0.411188 0.935275 0.500000 0.000000
0.528428 0.425438 0.076305 0.315540 0.275197 0.834010 0.839705 0.870236 0.503551 0.593719 0.351029 0.544996 0.351724 0.564076 0.509169 0.523365 0.580371 0.124734 0.441433 0.265160 0.059211 0.528302 0.652327 0.451013 0.119710 0.682927 0.579589 0.825190 0.132887 0.018525 0.176819 0.744399 0.177000 0.316010 0.432000 0.087000 0.006000 0.006000 0.302237 0.410930 0.337895 1.000000 0.502000 0.507867 0.508197 0.229947 0.240310 0.146902 0.766990 0.636364 0.000000
0.453233 0.507874 0.115159 0.560983 0.261896 0.722922 0.570672 0.741903 0.459202 0.420195 0.885202 0.525836 0.481897 0.596784 0.529646 0.545531 0.616788 0.121993 0.494676 0.373621 0.109764 0.680593 0.570103 0.321185 0.419086 0.695122 0.506810 0.693799 0.146149 0.043547 0.197044 0.766420 0.539204 0.278000 0.554000 0.415621 1.000000 0.351000 0.952000 0.712000 0.287000 0.588341 0.636895 0.549459 0.582543 0.315478 0.435893 0.457164 0.789457 0.590909 0.000000
0.482005 0.708661 0.325699 0.587773 0.306107 0.740654 0.362966 0.906080 0.276953 0.536156 0.706038 0.523065 0.411207 0.485119 0.583626 0.368421 0.518229 0.235211 0.502603 0.419374 0.256579 0.773585 0.854224 0.336849 1.000000 0.798781 0.668755 0.771884 0.064702 0.027495 0.443350 0.910995 0.657355 0.179000 0.218000 0.399000 0.357000 0.787000 0.442000 0.778000 0.654648 0.712776 0.495000 0.624455 0.698361 0.331551 0.228682 1.000000 0.852423 0.590909 0.000000
0.357860 0.440945 0.060408 0.699930 0.246534 0.745504 0.613542 0.773140 0.435765 0.579081 0.562044 0.536357 0.478448 0.774802 0.662352 0.547263 0.509115 0.187576 0.497880 0.484144 0.105263 0.380054 0.625726 0.642525 0.528430 0.721037 0.643221 0.743740 0.116946 0.014342 0.231527 0.864969 0.651809 0.336000 0.415841 0.548000 0.404000 0.734332 0.322034 1.000000 0.676754 0.686988 0.735000 0.596629 0.562155 0.101604 0.436942 0.472375 0.829124 0.636364 0.000000
0.327759 0.122047 0.036321 0.533626 0.205695 0.520402 0.873330 0.729298 0.422853 0.683388 0.575315 0.465083 0.829310 0.499008 0.511339 0.600540 0.705729 0.195755 0.434656 0.553488 0.039474 0.738544 0.218333 0.678815 0.385793 0.830793 0.308735 0.169749 0.071132 0.025444 0.000000 0.769612 1.000000 0.800000 0.541000 0.314719 0.153000 0.534000 0.187000 0.580000 0.251000 0.533000 0.501423 0.761000 0.572807 0.278075 0.396785 0.401101 0.857605 0.545455 0.000000
0.183946 0.346457 0.179600 0.505921 0.236418 0.727199 0.570679 0.696007 0.483538 0.562215 0.524220 0.330454 0.351724 0.308532 0.494067 0.526607 0.921875 0.239784 0.488867 0.456066 0.118421 0.557982 0.656523 0.523263 0.243047 0.758268 0.650728 0.804505 0.142398 0.018307 0.305419 0.810261 1.000000 0.559000 0.595000 0.010000 0.482253 0.063000 0.188000 0.550000 0.351432 0.501000 0.412437 0.750000 0.727869 0.284061 0.367084 0.379477 0.754045 0.590909 0.000000
0.469809 0.476813 0.125182 0.578458 0.078119 0.725272 0.591893 0.816243 0.560362 0.644300 0.635890 0.390929 0.593180 0.606061 0.477886 0.587045 0.636719 0.128486 0.532430 0.830029 0.131579 0.819407 0.474037 0.388648 0.418380 0.727804 0.548678 0.457345 0.062693 0.008645 0.034483 0.848168 0.624737 0.238000 0.456000 0.458368 0.634000 0.835000 0.329360 0.637000 0.682476 0.921000 0.832000 0.819000 0.540984 0.267380 0.478682 0.457164 0.935275 0.545455 0.000000
0.484950 0.125984 0.132780 0.373657 0.223435 0.708823 0.517065 0.612069 0.568108 0.494463 0.629784 0.526347 0.415517 0.620040 0.478964 0.548639 0.532552 0.506498 0.140368 0.725962 0.089046 0.729111 0.478268 0.658033 0.583369 0.937500 0.558176 0.793422 0.107205 0.021330 0.162562 0.863874 0.610000 0.531000 0.477810 0.624000 0.508988 0.758000 0.867000 0.664643 0.780000 0.733472 0.497000 0.745000 0.524590 0.139037 0.602713 0.728461 0.902913 0.636364 0.000000
0.909699 0.267717 0.167046 0.474966 0.210191 0.707968 0.583859 0.709076 0.255003 0.545277 0.608951 0.534197 0.500453 0.583333 0.324703 0.431849 0.558047 1.000000 0.490341 0.464824 0.078947 0.580863 0.518889 0.621743 0.661427 0.769817 0.518196 0.596512 0.130342 0.019356 0.280788 0.837696 0.197000 0.023000 0.239000 0.016000 0.444024 0.239616 0.030000 0.292000 0.281846 1.000000 0.170000 0.631455 0.367213 0.155080 0.344145 0.069458 0.644013 0.600677 0.000000
0.668896 0.460630 0.161851 0.482372 0.335706 0.688314 0.603634 0.659710 0.408005 0.545928 0.712011 0.494346 0.442241 0.560625 0.255663 0.000000 0.560571 0.256340 0.707648 0.266354 0.098684 0.547998 0.449025 0.435174 0.580411 0.678269 0.447571 0.680995 0.183694 0.030950 0.190889 0.751812 0.142000 0.155000 0.315874 0.187315 0.017000 0.014000 0.292530 0.390022 0.704000 0.508347 0.293277 0.408000 0.498361 0.278075 0.388490 0.321394 0.763754 0.598510 0.000000
0.397283 0.641732 0.158754 0.346310 0.361205 0.768457 0.621808 0.832123 0.443512 0.617590 0.669382 0.501080 0.669828 0.576581 0.646170 0.619433 0.705729 0.142316 0.773475 0.250585 0.111842 0.668464 0.347457 0.339383 0.199913 0.516967 0.294452 0.571044 0.170261 0.026161 0.130185 0.612565 0.277000 0.307718 0.264348 0.167000 0.278000 0.139000 0.176000 0.478000 0.610000 0.503496 0.549518 0.313013 0.560656 0.347594 0.481368 0.321394 0.605811 0.863636 0.000000
0.869565 0.023622 0.207415 0.504977 0.355939 0.849178 0.557891 0.848457 0.311814 0.484039 0.662243 0.472282 0.428448 0.291667 0.691478 0.430499 0.638021 0.437665 0.379477 0.462642 0.059211 0.588949 0.598788 0.699442 0.338573 0.621951 0.551326 0.835315 0.136236 0.029989 0.305419 0.732984 0.538480 0.385387 0.433573 0.138000 0.490575 0.403343 0.348539 0.369000 0.599000 0.627494 0.440000 1.000000 0.570492 0.358289 0.257752 0.457164 0.776699 0.409091 0.000000
0.421405 0.417224 0.160221 0.541893 0.142375 0.675924 0.514970 0.727100 0.428411 0.653420 0.725282 0.703384 0.503448 0.564845 0.464941 0.504723 0.684896 0.275255 0.435624 0.357267 0.085526 0.450135 0.511960 0.471464 0.415961 0.893293 0.546345 0.502392 0.163855 0.011885 0.118227 0.858639 0.189000 0.095000 0.345744 0.359000 0.064000 0.279000 0.320989 0.418303 0.347701 0.520243 0.380966 0.543536 0.350820 0.042781 0.503876 0.365336 0.763261 0.545455 0.000000
0.508361 0.412825 0.176324 0.407712 0.171038 0.759880 0.563796 0.775862 0.363460 0.506840 0.619008 0.499640 0.455172 0.609518 0.553873 0.695007 0.599391 0.263995 0.565344 0.647327 0.092105 0.553908 0.832945 0.502636 0.644498 0.798545 0.750310 0.831508 0.057736 0.003515 0.356419 0.900524 0.458000 0.468000 0.338000 0.185000 0.523504 0.523804 0.261000 0.197000 0.455280 0.719003 0.390000 1.000000 0.531148 0.219251 0.373880 0.519338 0.847896 0.593619 0.000000
0.183946 0.450298 0.668319 0.954349 0.506931 0.742411 0.612909 0.718693 0.441370 0.830619 0.642455 0.506903 0.579656 0.943452 0.072276 0.352227 0.485677 0.035340 0.335915 0.286001 0.072368 0.676550 0.623182 0.518145 0.274486 0.602134 0.450447 0.702809 0.188098 0.019914 0.231527 0.691099 0.371359 0.317779 0.314444 0.198000 0.051000 0.000000 0.171000 0.499000 0.038000 0.521150 0.675000 0.463560 0.442623 0.155080 0.205426 0.457164 0.699260 0.681818 0.000000
0.267559 0.362205 0.151533 0.551353 0.342076 0.743322 0.582150 0.798094 0.476436 0.605212 0.631813 0.354932 0.590819 0.656746 0.552319 0.670715 0.608731 0.076102 0.575992 0.304964 0.100445 0.754717 0.284234 0.611352 0.298670 0.647291 0.485164 0.608292 0.226926 0.047974 0.113300 0.691099 0.501439 0.122000 0.390000 0.051000 0.470000 0.674000 0.795000 1.000000 0.036000 0.243000 0.613258 0.609000 0.714754 0.235294 0.329457 0.565586 0.951456 0.636364 0.000000
0.374582 0.442197 0.151644 0.551947 0.116898 0.738462 0.523261 0.709619 0.450772 0.502932 0.749834 0.716343 0.527586 0.589911 0.335491 0.538556 0.570312 0.170123 0.694095 0.755876 0.098684 0.493261 0.513039 0.526739 0.521161 0.916159 0.568770 0.667068 0.096584 0.013867 0.098522 0.869110 0.450000 0.077000 0.087000 0.105000 0.339000 0.717000 0.355176 0.311000 0.491000 0.607669 1.000000 0.859000 0.406557 0.296680 0.412469 0.413399 0.783172 0.500000 0.000000
0.247492 0.446128 0.165113 0.630642 0.288777 0.700919 0.596270 0.777677 0.526791 0.621498 0.730591 0.511535 0.576724 0.590278 0.551241 0.535675 0.599000 0.114009 0.388190 0.343814 0.138158 0.483828 0.471492 0.487128 0.383313 0.890244 0.470927 0.522443 0.116410 0.019556 0.152709 0.853403 0.118000 0.359700 0.132000 0.286000 0.461087 0.430930 0.341247 0.274000 0.452000 1.000000 0.513371 0.527220 0.572555 0.350402 0.277132 0.117861 0.880259 0.614418 0.000000
0.321070 0.451144 0.125397 0.542332 0.305207 0.740494 0.692308 0.619782 0.445266 0.599311 0.576642 0.510898 0.437931 0.574816 0.507347 0.533816 0.666667 0.137027 0.389158 0.639015 0.177632 0.396226 0.402947 0.457774 0.354293 0.653197 0.475070 0.599392 0.143737 0.022014 0.123153 0.715863 0.135000 0.344727 0.355527 0.335000 0.442735 0.398955 0.357000 0.655000 0.454518 0.534255 0.486749 0.503540 0.485246 0.256684 0.618217 0.457164 0.735972 0.681818 0.000000
0.227425 0.649606 0.160529 0.399265 0.252234 0.737458 0.557347 0.734247 0.452020 0.516612 0.680823 0.472282 0.456034 0.712302 0.525088 0.448043 0.607799 0.045696 0.550823 0.579461 0.131579 0.633423 0.546574 0.534352 0.433676 0.859756 0.566529 0.563753 0.085867 0.011086 0.088670 0.837696 0.511228 0.628000 0.933000 0.453000 0.500197 0.120000 0.429000 0.548177 0.438000 0.616124 0.553947 1.000000 0.547541 0.294388 0.500000 0.210310 0.816004 0.636364 0.000000
0.425118 0.000000 0.606456 0.450645 0.250468 0.703269 0.448641 0.800363 0.389503 0.554605 0.775050 0.391649 0.370690 0.341270 0.189860 0.356275 0.281250 0.098327 0.000000 0.403501 0.078947 0.800539 0.479290 0.704715 0.101572 0.684451 0.402748 0.431377 0.142666 0.023808 0.208292 0.722513 0.430607 0.200000 0.523000 0.407000 0.209000 0.152000 0.775000 1.000000 0.105000 0.488519 0.269000 0.575905 0.553330 0.272727 0.246124 0.728461 0.789878 0.595747 0.000000
0.464883 0.452756 0.119778 0.573662 0.225178 0.749926 0.631046 0.744102 0.411233 0.579973 0.637844 0.540677 0.658621 0.621032 0.587970 0.570850 0.629825 0.123591 0.510560 0.522942 0.065789 0.550591 0.859801 0.436104 0.540508 0.778439 0.728623 0.944603 0.085466 0.035800 0.339901 0.842932 0.905000 0.823000 0.411000 0.473000 0.770000 1.000000 0.278000 0.751927 0.938000 0.455000 0.697196 0.325000 0.550820 0.390374 0.416667 0.050097 0.831715 0.454545 0.000000
0.489185 0.456693 0.126800 0.543734 0.196217 0.740867 0.592814 0.783575 0.420271 0.502932 0.541473 0.499640 0.596774 0.605141 0.490831 0.567814 0.643618 0.157732 0.324298 0.684582 0.072368 0.462264 0.751323 0.544045 0.564692 0.845274 0.791103 0.866373 0.064300 0.004722 0.231527 0.947644 0.845000 0.380329 0.554000 0.444695 0.490307 0.969000 0.520000 1.000000 0.704007 0.772336 0.432000 0.686551 0.558343 0.106952 0.755814 0.565586 0.904448 0.582591 0.000000
0.204013 0.208661 0.009430 0.574607 0.310271 0.676899 0.632427 0.616606 0.297611 0.417590 0.760451 0.473040 0.515224 0.541264 0.419633 0.174089 0.091146 0.067738 0.569216 0.308447 0.052632 0.475741 0.419694 0.424710 0.199516 0.804878 0.451838 0.479391 0.171601 0.033565 0.210639 0.693460 0.037000 0.072000 0.282064 0.083403 0.505000 0.122544 0.222473 0.319635 0.072000 1.000000 0.054000 0.271000 0.429508 0.181818 0.503876 0.276137 0.766990 0.583701 0.000000
0.470358 0.453860 0.130086 0.627692 0.328775 0.808161 0.409028 0.548094 0.463525 0.650814 0.558062 0.523177 0.587069 0.607717 0.557862 0.689609 0.743490 0.207392 0.407551 0.436760 0.059211 0.553908 0.705382 0.823821 0.730351 0.655488 0.615797 0.730435 0.113317 0.013659 0.374384 0.827225 0.453000 0.425000 0.439270 0.704000 0.469000 1.000000 0.345774 0.655603 0.330000 0.248000 0.641089 0.145000 0.572938 0.160428 0.124031 0.565586 0.941748 0.727273 0.000000
0.480069 0.570866 0.224444 0.518229 0.131885 0.788507 0.568402 0.798094 0.421805 0.581107 0.620438 0.591793 0.669828 0.621032 0.575437 0.518219 0.621818 0.199053 0.506511 0.638858 0.085526 0.548058 0.947019 0.481855 0.749698 0.763401 0.932897 0.974936 0.046484 0.030085 0.302325 0.973822 0.665000 0.281000 0.100000 0.384000 0.135000 1.000000 0.095000 0.737398 0.398000 0.433000 0.848000 0.240000 0.514754 0.224599 0.457364 0.473911 0.809061 0.500000 0.000000
0.260870 0.442091 0.160550 0.089803 0.248782 0.740249 0.568893 0.765880 0.454531 0.486645 0.525547 0.520965 0.564564 0.421627 0.354908 0.608637 0.610750 0.176607 0.514037 0.585405 0.098684 0.632075 0.782915 0.527566 0.428763 0.707065 0.720000 0.846072 0.077964 0.042354 0.359606 0.895288 0.188000 0.801000 0.386000 0.388000 0.280000 0.495000 1.000000 0.563141 0.786000 0.401000 0.568055 0.620000 0.579644 0.449198 0.416667 0.185624 0.631068 0.614928 0.000000
0.531773 0.396133 0.166326 0.376470 0.265455 0.795770 0.576486 0.720741 0.351840 0.624104 0.617784 0.591793 0.518579 0.477183 0.557713 0.539811 0.579427 0.310452 0.570184 0.356409 0.090977 0.555021 0.617514 0.549163 0.206771 0.750213 0.565589 0.621885 0.122036 0.015183 0.215586 0.827225 0.489000 0.075000 0.301000 0.271931 0.437000 0.115000 0.337348 0.095000 0.134000 1.000000 0.365713 0.542000 0.478689 0.149733 0.362403 0.379477 0.854369 0.772727 0.000000
0.324415 0.622047 0.174491 0.509649 0.158674 0.750908 0.587748 0.866606 0.466753 0.577155 0.646981 0.412527 0.537931 0.544643 0.503003 0.528498 0.585705 0.130116 0.440465 0.509511 0.098901 0.564690 0.504512 0.507754 0.586457 0.817073 0.620847 0.704368 0.160458 0.027482 0.133005 0.848168 0.159000 0.355331 0.362000 0.270041 0.161000 0.000000 0.005000 0.349000 0.139000 1.000000 0.091000 0.423000 0.462295 0.208556 0.624031 0.565586 0.844660 0.609210 0.000000
0.321070 0.435877 0.132403 0.531837 0.285500 0.735783 0.577364 0.738657 0.529374 0.584348 0.571997 0.513039 0.467241 0.522817 0.511749 0.321188 0.496094 0.159438 0.613746 0.404869 0.078947 0.529650 0.577633 0.471464 0.367594 0.682927 0.548748 0.624393 0.166242 0.023654 0.195690 0.806283 0.474639 0.296000 0.421000 0.317401 0.473731 0.349000 0.048000 0.320000 0.469635 1.000000 0.657000 0.165000 0.668852 0.497326 0.178295 0.457164 0.789644 0.615583 0.000000
0.431438 0.996063 0.046236 0.675527 0.218434 0.785516 0.377706 0.922414 0.331181 0.583119 0.639864 0.730742 0.597727 0.581349 0.597627 0.647773 0.624456 0.097263 0.515005 0.511898 0.098835 0.556966 0.624346 0.508361 0.542926 0.742378 0.604830 0.743321 0.126444 0.048615 0.246305 0.821990 0.855000 0.100000 0.356000 0.318000 0.058000 0.485000 0.285000 0.766092 0.699556 0.766000 1.000000 0.431000 0.578092 0.260777 0.468992 0.565586 0.873786 0.604545 0.000000
0.578595 0.387600 0.164799 0.454606 0.302324 0.709053 0.503455 0.702503 0.391220 0.538762 0.604512 0.524118 0.616379 0.714286 0.474832 0.384615 0.575521 0.206523 0.486406 0.372321 0.098684 0.644205 0.455459 0.480823 0.353083 0.714939 0.474284 0.573683 0.175315 0.016304 0.197044 0.795812 0.079000 0.074000 0.318857 0.068000 0.804000 0.065000 0.286832 0.362256 0.074000 0.494054 0.229000 0.547935 0.551181 0.245989 0.362449 0.369399 0.779935 0.727273 0.000000
0.672241 0.488189 0.169076 0.559047 0.181716 0.847255 0.504836 0.725953 0.243383 0.521824 0.618206 0.523398 0.537185 0.519841 0.413161 0.539811 0.479167 0.208823 0.256534 0.510728 0.105263 0.721024 0.848590 0.476737 0.399896 0.734274 0.560674 0.896227 0.044072 0.003165 0.640394 0.910995 0.211000 0.491000 0.187000 0.684000 0.277000 0.071000 0.346384 0.457149 0.404689 0.281000 0.465694 0.392000 0.334426 0.286370 0.382719 0.457164 0.857605 0.500000 0.000000
0.190635 0.212598 0.041170 0.559509 0.000000 0.839564 0.562326 0.734120 0.401549 0.470358 0.843397 0.524562 0.596050 0.714286 0.585761 0.544387 0.552083 0.127235 0.520291 0.874087 0.131579 0.789757 0.542108 0.611352 0.400086 0.653852 0.597311 0.428285 0.000000 0.002674 0.029557 0.821990 0.582000 0.562000 0.415294 0.437162 0.361000 0.548000 0.122000 0.914000 1.000000 0.393000 0.247000 0.040000 0.606557 0.326203 0.536822 0.565586 0.870550 0.612020 0.000000
0.294314 0.472441 0.139516 0.559956 0.337392 0.748254 0.584758 0.806715 0.465462 0.606369 0.637912 0.399568 0.604544 0.592480 0.446602 0.377868 0.615761 0.085402 0.500484 0.320858 0.085526 0.543127 0.501173 0.513027 0.347037 0.621951 0.475686 0.408739 0.214869 0.043243 0.108374 0.701571 0.517507 1.000000 0.155000 0.431093 0.379000 0.994000 0.499000 0.154000 0.720000 0.550954 0.657768 0.317000 0.750820 0.351201 0.616279 0.565586 0.847896 0.623675 0.000000
0.421680 0.488189 0.123889 0.484372 0.315108 0.575518 0.686320 0.737236 0.444214 0.432573 0.495023 0.358531 0.577010 0.705357 0.505647 0.642375 0.858073 0.114771 0.670862 0.310589 0.085526 0.539084 0.295572 0.440447 0.254087 0.695122 0.365425 0.594235 0.220362 0.023612 0.103448 0.727749 1.000000 0.034000 0.027000 0.011000 0.209000 0.279000 0.312000 0.485000 0.439208 0.530610 0.537000 0.532000 0.568583 0.386414 0.523256 0.457164 0.809061 0.610971 0.000000
0.454850 0.358268 0.117951 0.588282 0.215403 0.715018 0.557347 0.737601 0.418344 0.612378 0.710683 0.496040 0.714655 0.674603 0.667745 0.423752 0.597656 0.223711 0.498548 0.408151 0.105263 0.544775 0.623332 0.663306 0.394196 0.733232 0.569993 0.774046 0.135030 0.016974 0.333807 0.827225 0.761000 0.248000 0.609000 0.195000 0.471530 0.733185 0.337103 1.000000 0.821000 0.930000 0.563000 0.696000 0.668852 0.214307 0.437293 0.499684 1.000000 0.681818 0.000000
0.384615 0.275591 0.117099 0.559081 0.235012 0.672506 0.538966 0.636570 0.581666 0.556352 0.625775 0.641469 0.551526 0.437500 0.551794 0.238866 0.609476 0.229427 0.717328 0.454978 0.098684 0.555333 0.488712 0.561569 0.512267 0.920732 0.556549 0.531493 0.129806 0.022071 0.321010 0.842932 0.871000 0.327000 0.467597 0.356335 1.000000 0.556000 0.488000 0.577146 0.526712 0.448000 0.573162 0.997000 0.727869 0.358289 0.393411 0.379477 0.828479 0.602235 0.000000
0.454273 0.307087 0.139947 0.711184 0.234170 0.737307 0.500691 0.760889 0.446147 0.588925 0.625225 0.393089 0.515517 0.444444 0.716289 0.624831 0.608144 0.011536 0.539206 0.429823 0.096599 0.665768 0.487250 0.782413 0.460147 0.748476 0.513223 0.691355 0.160080 0.026402 0.305419 0.810053 0.533413 0.389258 0.523000 0.367757 0.496552 0.509000 0.237000 0.356000 0.319000 0.747000 0.750000 0.359000 0.573016 0.000000 0.407658 0.728461 0.821847 0.681818 0.000000
0.294314 0.468566 0.081802 0.534973 0.303859 0.810511 0.519576 0.730490 0.340219 0.571335 0.612475 0.469402 0.729310 0.572421 0.710895 0.614035 0.669271 0.075536 0.633107 0.383475 0.072368 0.345013 0.591527 0.504551 0.713422 0.698282 0.525516 0.724318 0.141326 0.019048 0.236762 0.790576 1.000000 0.476000 0.221000 0.116000 0.460920 0.762000 0.222000 0.700372 0.542000 0.387000 0.794000 0.406000 0.565330 0.187166 0.437901 0.419084 0.795777 0.681818 0.000000
0.427375 0.354331 0.095651 0.360384 0.347696 0.726340 0.598311 0.632940 0.364751 0.985016 0.820173 0.499429 0.391379 0.362103 0.560949 0.523583 0.575027 0.169117 0.496872 0.289713 0.059211 0.553686 0.666390 0.559553 0.545345 0.605183 0.545604 0.777044 0.124447 0.012993 0.206897 0.759162 0.816000 0.340706 0.110000 0.308000 0.088000 0.250000 0.336234 0.151000 0.290000 0.195000 0.340382 0.591811 0.561553 0.229947 0.583333 0.185624 0.802589 0.603969 0.000000
0.461538 0.478292 0.044996 0.577282 0.225158 0.795343 0.558729 0.840290 0.425436 0.656678 0.636734 0.491721 0.594828 0.603175 0.577131 0.550176 0.705729 0.261851 0.543078 0.407767 0.078947 0.358491 0.716896 0.502636 0.480839 0.871951 0.713493 0.764213 0.066577 0.032601 0.231527 0.900524 0.701000 0.408000 0.408142 0.461118 0.088000 1.000000 0.329712 0.486000 0.523000 0.731000 0.998000 0.305000 0.488525 0.224599 0.467054 0.164811 0.799146 0.636364 0.000000
0.678930 0.157480 0.090694 0.569031 0.243537 0.823969 0.520037 0.658348 0.449322 0.571908 0.680159 0.514039 0.527586 0.609431 0.538296 0.642375 0.613786 0.259653 0.515973 0.491291 0.083487 0.544474 0.737372 0.593292 0.559855 0.802974 0.702050 0.830135 0.101744 0.008637 0.443350 0.905291 0.585779 0.156000 0.264000 0.602000 0.268000 0.348000 0.178000 0.612480 0.683000 0.727829 0.570166 0.635000 0.570228 0.032086 0.323643 0.728461 0.909385 0.636364 0.000000
0.264214 0.629921 0.033572 0.531558 0.171413 0.685324 0.576693 0.655626 0.449968 0.588972 0.626072 0.507307 0.581897 0.572440 0.504971 0.738192 0.549479 0.170599 0.563408 0.447938 0.095112 0.483828 0.378761 0.507754 0.291331 0.678995 0.425765 0.496808 0.165245 0.022375 0.167488 0.759162 0.441603 0.348828 0.316000 0.278348 0.453276 0.372251 0.040000 0.110000 0.344000 0.319000 0.778000 0.657000 0.301639 0.351223 0.362403 0.372298 0.967638 0.610323 0.000000
0.414716 0.216535 0.135421 0.431055 0.198576 0.666524 0.595310 0.678561 0.382858 0.558776 0.526875 0.515479 0.514615 0.387897 0.513484 0.497133 0.615885 0.205810 0.480449 0.579601 0.114180 0.539484 0.493852 0.463756 0.224920 0.824695 0.511814 0.529318 0.133557 0.021138 0.157635 0.832461 0.112000 0.142000 0.084000 0.046000 0.350000 0.059000 0.088000 0.338706 0.299000 0.494871 0.035000 0.126000 0.439344 0.224599 0.548450 0.321394 0.883495 0.636364 0.000000
0.812709 0.248031 0.115536 0.531656 0.346384 0.685537 0.521879 0.618875 0.408651 0.575244 0.622313 0.336213 0.495690 0.671627 0.647249 0.807018 0.865885 0.294293 0.465634 0.280924 0.105263 0.747978 0.391168 0.461073 0.319863 0.571646 0.411432 0.604262 0.222907 0.041202 0.231527 0.727749 0.445000 0.073000 0.122000 0.569000 0.962000 0.389153 0.340745 0.154000 0.213000 0.313000 0.268000 1.000000 0.570093 0.192513 0.418605 0.321394 0.786408 0.727273 0.000000
0.485949 0.464567 0.103942 0.455622 0.174972 0.750502 0.506587 0.668784 0.520981 0.676873 0.637899 0.529115 0.660345 0.765873 0.682848 0.585695 0.591146 0.657155 0.500484 0.493632 0.077683 0.749326 0.708199 0.584805 0.403869 0.800305 0.640529 0.784868 0.087609 0.009861 0.354680 0.901801 0.710223 0.364626 0.430452 0.257000 0.241000 0.503000 0.357000 0.886000 0.700000 0.815000 1.000000 0.636423 0.566134 0.085561 0.552326 0.728461 0.859581 0.590909 0.000000
0.389011 0.291339 0.050870 0.443041 0.333160 0.708764 0.502533 0.670599 0.444158 0.716612 0.530192 0.486640 0.543121 0.492063 0.510248 0.410256 0.521240 0.495581 0.617619 0.262401 0.039474 0.537854 0.423711 0.418570 0.218863 0.577744 0.408686 0.589208 0.184059 0.030758 0.177340 0.700861 0.197000 0.240868 0.015000 0.004000 0.146000 0.142000 0.031000 0.165000 0.236388 1.000000 0.083000 0.423359 0.548585 0.245989 0.540698 0.379477 0.870550 0.591003 0.000000
0.374582 0.468436 0.122164 0.589988 0.284668 0.620594 0.604790 0.667423 0.455507 0.609121 0.545455 0.708423 0.768103 0.578373 0.517689 0.375169 0.608012 0.205383 0.611810 0.323953 0.105263 0.216981 0.433246 0.409274 0.320435 0.839939 0.474609 0.480557 0.156196 0.027377 0.123153 0.811518 0.174000 0.375805 0.249000 0.395000 0.431000 0.387000 0.412000 0.662000 1.000000 0.735000 0.604644 0.503017 0.560656 0.374332 0.445667 0.379477 0.750809 0.500000 0.000000
0.200669 0.417152 0.165328 0.507992 0.272574 0.732371 0.486412 0.773593 0.428403 0.585933 0.733245 0.422606 0.545088 0.332341 0.592233 0.730094 0.567708 0.013362 0.366893 0.360814 0.102915 0.554808 0.596677 0.227978 0.334946 0.664634 0.539451 0.737597 0.175553 0.018856 0.344828 0.785340 0.439499 0.636000 0.480000 0.242836 0.221000 0.025000 0.062000 0.142000 0.241000 0.513000 0.525000 0.776000 0.573770 0.359506 0.385659 0.019361 0.822006 0.605318 0.000000
0.472833 0.562992 0.120386 0.354059 0.187149 0.737064 0.538605 0.802178 0.277598 0.572887 0.625423 0.519534 0.643103 0.587302 0.510248 0.538973 0.636719 0.236224 0.519830 0.393634 0.100270 0.555249 0.666912 0.570820 0.651753 0.795732 0.629030 0.740966 0.098995 0.011369 0.251232 0.848168 0.374000 0.377000 0.932000 0.361000 0.512225 0.170000 0.237000 0.470000 0.665000 1.000000 0.529000 0.789000 0.665574 0.443850 0.110465 0.483446 0.734628 0.772727 0.000000
0.397437 0.500000 0.068384 0.485365 0.355643 0.800256 0.396591 0.857532 0.420410 0.539414 0.833444 0.594672 0.619828 0.481151 0.468177 0.523174 0.384115 0.074615 0.376573 0.262273 0.131579 0.770889 0.412384 0.243486 0.319226 0.607670 0.426615 0.584906 0.206800 0.035289 0.226601 0.706806 1.000000 0.004000 0.083000 0.001000 0.173000 0.049000 0.006000 0.092000 0.292034 0.024000 0.284322 0.512000 0.849180 0.456192 0.519380 0.377084 0.666637 0.598111 0.000000
0.224080 0.477195 0.130840 0.580905 0.313601 0.790002 0.549977 0.733989 0.367979 0.583129 0.636832 0.527724 0.560345 0.600198 0.533981 0.511471 0.621275 0.069699 0.496612 0.419178 0.094766 0.553704 0.549332 0.666718 0.625151 0.647866 0.499813 0.712873 0.150569 0.021463 0.267785 0.795812 0.541000 0.375057 0.412728 0.461838 1.000000 0.761000 0.345000 0.692000 0.649000 0.996000 0.902000 0.439000 0.491803 0.155080 0.426357 0.240077 0.828479 0.601283 0.000000
0.441898 0.488189 0.169855 0.389675 0.295991 0.734670 0.589129 0.827132 0.504842 0.577743 0.622655 0.532037 0.417241 0.564484 0.449838 0.533952 0.536458 0.206961 0.388190 0.351258 0.105263 0.618598 0.669419 0.461073 0.627570 0.655488 0.561650 0.668052 0.123242 0.027672 0.221675 0.769634 0.506900 0.295000 0.426577 0.213000 0.489858 0.425000 0.141000 0.626000 0.468745 1.000000 0.524707 0.324000 0.619672 0.192513 0.352713 0.321394 0.961165 0.590909 0.000000
0.739130 0.413386 0.042410 0.620545 0.290608 0.844050 0.597853 0.732692 0.413170 0.594788 0.505640 0.425486 0.565932 0.653770 0.650485 0.500675 0.594507 0.348078 0.695063 0.342426 0.092565 0.575472 0.421767 0.476942 0.307134 0.671741 0.372544 0.527575 0.156731 0.022030 0.088670 0.728575 0.438958 1.000000 0.192000 0.310000 0.454024 0.144000 0.333773 0.220000 0.587000 0.266000 0.338000 0.528592 0.568419 0.320856 0.131783 0.379477 0.773463 0.636364 0.000000
0.518395 0.334646 0.155383 0.525086 0.161109 0.684255 0.672501 0.728085 0.626210 0.580168 0.669542 0.657307 0.551073 0.652778 0.451996 0.774629 0.516927 0.297487 0.392062 0.373681 0.059211 0.466307 0.497927 0.501741 0.316136 0.810976 0.439697 0.458418 0.162224 0.033507 0.118227 0.769634 0.153000 0.224000 0.520000 0.119000 0.630000 0.372440 0.330866 0.448439 0.293000 0.578000 0.185000 0.559555 0.485246 0.229947 0.398537 0.728461 0.783554 0.727273 0.000000
0.448232 0.492126 0.214528 0.309099 0.262030 0.750358 0.480884 0.584392 0.621046 0.601234 0.638227 0.669546 0.717241 0.712302 0.371090 0.441296 0.485677 0.121732 0.513069 0.309958 0.107234 0.784367 0.313225 0.507754 0.333736 0.493902 0.360837 0.622367 0.158807 0.042260 0.177340 0.701571 0.553239 0.245000 0.407768 0.611000 0.532000 0.803000 0.729000 0.730169 0.355000 0.566327 0.760000 1.000000 0.544262 0.331385 0.525194 0.398283 0.909385 0.618286 0.000000
0.494983 0.322835 0.170719 0.410635 0.295407 0.672506 0.602159 0.725070 0.444158 0.498371 0.340411 0.675306 0.513793 0.629960 0.497016 0.523282 0.707031 0.176624 0.319458 0.450039 0.095988 0.552896 0.484309 0.393766 0.308352 0.743902 0.478969 0.605328 0.173744 0.027801 0.226601 0.790576 0.248000 0.827000 0.402000 0.391000 0.434250 0.176000 0.331073 0.027000 0.245000 0.598000 0.340826 0.577794 0.619672 0.336270 0.377624 0.131413 0.786481 0.681818 0.000000
0.852843 0.385827 0.117745 0.573467 0.219644 0.738016 0.515547 0.735272 0.365397 0.599349 0.654944 0.509719 0.488793 0.559524 0.715210 0.697706 0.645833 0.266581 0.473379 0.376794 0.098684 0.545402 0.922686 0.746123 0.756953 0.808292 0.805645 1.000000 0.072605 0.031449 0.709360 0.879581 0.337000 0.293000 0.484524 0.201000 0.235000 0.146000 0.348325 0.625781 0.188000 1.000000 0.604000 0.671232 0.409836 0.021390 0.387597 0.728461 0.996764 0.545455 0.000000
0.759197 0.094488 0.121356 0.657353 0.260772 0.709677 0.548135 0.741379 0.324080 0.563518 0.599771 0.465038 0.492275 0.547241 0.430421 0.481977 0.414062 0.216569 0.300097 0.402218 0.065789 0.535000 0.442495 0.584677 0.240074 0.722561 0.508274 0.565930 0.181777 0.020630 0.285714 0.832461 0.384023 0.020000 0.185000 0.023000 0.396000 0.070000 0.013000 0.318258 0.042000 0.481114 0.324000 0.092000 0.416393 0.353921 0.015504 0.349945 0.660194 0.585306 0.000000
0.966555 0.433071 0.167322 0.416303 0.316307 0.709642 0.601335 0.685572 0.325371 0.328990 0.527538 0.492091 0.505172 0.290675 0.477131 0.609986 0.534578 0.526584 0.439497 0.430196 0.078947 0.540431 0.362060 0.601117 0.256600 0.705175 0.386980 0.579581 0.119223 0.029316 0.211900 0.767712 0.298000 0.000000 0.022000 0.002000 0.373519 0.093000 1.000000 0.363656 0.069000 0.457000 0.099000 0.460000 0.859016 0.550802 0.367190 0.457164 0.758581 0.597412 0.000000
0.367893 0.303150 0.625802 0.555598 0.305732 0.744205 0.579228 0.741833 0.458112 0.597185 0.539482 0.383009 0.420690 0.692460 0.522387 0.573549 0.617188 0.143361 0.584705 0.332666 0.065789 0.598383 0.276484 0.564826 0.372590 0.654317 0.325188 0.341916 0.147721 0.034939 0.064039 0.701571 0.821000 0.145000 0.409647 0.034000 0.578000 0.886000 0.448000 0.622311 0.124000 0.556000 0.895000 0.315000 0.845902 0.335032 0.457364 0.565586 0.961165 0.619914 0.000000
0.444816 0.418343 0.141833 0.342887 0.206070 0.739158 0.503915 0.729167 0.494513 0.516612 0.620730 0.432685 0.536042 0.586016 0.523572 0.532141 0.764323 0.221192 0.603098 0.653073 0.151316 0.648248 0.743966 0.556386 0.193470 0.876524 0.734092 0.767734 0.129803 0.036705 0.270936 0.819949 0.336000 0.520000 0.442914 0.677000 0.499135 0.451931 0.230000 0.478714 0.430371 0.383000 0.081000 0.788000 0.793443 0.475936 0.317829 0.442423 0.812298 0.636364 0.000000
0.442055 0.133858 0.157609 0.264728 0.189959 0.734259 0.546753 0.838476 0.448031 0.745277 0.720637 0.505400 0.662069 0.646825 0.539374 0.533551 0.502604 0.169015 0.298161 0.429014 0.097046 0.702156 0.725672 0.399038 0.413751 0.794207 0.562838 0.668992 0.131046 0.008579 0.325123 0.879581 0.508074 0.318000 0.426735 0.878000 0.489962 0.465602 0.155000 0.511638 1.000000 0.288000 0.123000 0.597032 0.521311 0.229947 0.480620 0.413003 0.851133 0.454545 0.000000
0.474916 0.515748 0.138037 0.586042 0.188835 0.744331 0.476739 0.741093 0.548741 0.457980 0.632382 0.742261 0.569828 0.431548 0.583255 0.287449 0.529948 0.159809 0.509613 0.488391 0.111842 0.615903 0.865198 0.663306 0.412334 0.844512 0.766064 0.932938 0.107435 0.034262 0.355745 0.900657 0.510000 0.395044 0.815000 0.059000 0.497126 0.557000 0.861000 1.000000 0.692000 0.970000 0.166000 0.648915 0.521311 0.220290 0.304264 0.728461 0.863591 0.772727 0.000000
0.453389 0.645669 0.114404 0.203127 0.162420 0.737545 0.515431 0.612069 0.452133 0.469055 0.625640 0.515479 0.555695 0.590044 0.525316 0.537916 0.516927 0.129657 0.789932 0.689355 0.164474 0.470350 0.646339 0.279777 0.186215 0.905488 0.669108 0.753300 0.136621 0.019448 0.258764 0.900524 0.510333 0.370000 0.435473 0.339000 0.686000 0.495834 1.000000 0.587000 0.081000 0.618027 0.545402 0.882000 0.567213 0.315508 0.486434 0.379477 0.817312 0.612719 0.000000
0.505017 0.551181 0.175942 0.529503 0.394342 0.733634 0.689083 0.911071 0.351840 0.574234 0.447910 0.543557 0.539990 0.585127 0.469256 0.533558 0.753906 0.147060 0.435624 0.357649 0.104677 0.460916 0.884771 0.404156 0.422334 0.696646 0.697362 0.673262 0.092833 0.006930 0.256528 0.800071 0.270000 1.000000 0.434095 0.136000 0.494379 0.068000 0.357534 0.234000 0.423142 0.621947 0.404000 0.926000 0.649180 0.291709 0.385651 0.424262 0.889968 0.727273 0.000000
0.531773 0.271654 0.000000 0.367455 0.153803 0.705832 0.592340 0.755898 0.484829 0.564169 0.669542 0.472777 0.500000 0.552696 0.617044 0.612686 0.582031 0.234511 0.469957 0.409847 0.052632 0.540473 0.473788 1.000000 0.273500 0.849085 0.479069 0.627559 0.146952 0.023462 0.177340 0.848168 0.338000 0.259568 0.132000 0.038000 0.124000 0.054000 0.418000 0.000000 0.209000 0.002000 0.118000 0.564324 0.557377 0.336238 0.335435 0.356380 0.970874 0.636364 0.000000
0.471933 0.602362 0.254136 0.582451 0.208257 0.806024 0.355136 0.602541 0.326017 0.578531 0.667551 0.489561 0.537069 0.600768 0.644013 0.592443 0.617772 0.213149 0.437560 0.469232 0.092105 0.622642 0.773504 0.476737 0.549011 0.780911 0.764260 0.844894 0.079035 0.008520 0.369458 0.937173 0.155000 0.055000 0.602000 0.397840 0.473000 0.699899 0.122000 1.000000 0.626452 0.704763 0.460000 0.624327 0.561746 0.208556 0.573643 0.728461 0.860841 0.500000 0.000000
0.314381 0.446048 0.144031 0.554249 0.295242 0.738663 0.471672 0.735425 0.414461 0.671661 0.742535 0.578834 0.570469 0.630952 0.522499 0.477733 0.329427 0.100204 0.514744 0.421289 0.098790 0.308625 0.503669 0.575217 0.422398 0.687500 0.516192 0.700556 0.189149 0.031949 0.237525 0.790576 0.211000 0.390636 0.425725 0.079000 0.487759 1.000000 0.202000 0.755000 0.234000 0.999000 0.586000 0.729000 0.574751 0.224599 0.147287 0.457164 0.877023 0.545455 0.000000
0.425676 0.614173 0.167112 0.754761 0.096103 0.697501 0.457854 0.708258 0.478373 0.575244 0.571334 0.449244 0.625000 0.519841 0.506380 0.232119 0.334635 0.179217 0.679574 0.377885 0.098684 0.578167 0.519908 0.269386 0.318743 0.923781 0.503265 0.601943 0.157905 0.007654 0.064039 0.848168 0.467540 0.358774 0.503000 0.103000 0.978000 0.113000 1.000000 0.447292 0.450000 0.270000 0.452739 0.384000 0.569316 0.331551 0.315891 0.321394 0.760518 0.636364 0.000000
0.311037 0.429593 0.138169 0.644490 0.326714 0.734596 0.551359 0.750907 0.470626 0.561563 0.445255 0.500808 0.557231 0.565789 0.611650 0.525023 0.664062 0.174012 0.500571 0.357777 0.098684 0.605121 0.272405 0.492246 0.251248 0.664754 0.459512 0.408138 0.230007 0.048890 0.103448 0.738926 1.000000 0.320609 0.324422 0.063000 0.404987 0.056000 0.119000 0.418735 0.004000 0.180000 0.641000 0.336000 0.619672 0.304813 0.534884 0.361989 0.828479 0.603673 0.000000
0.402482 0.415914 0.623430 0.385848 0.333458 0.598163 0.629203 0.692378 0.306649 0.494463 0.615129 0.623470 0.549771 0.419643 0.215750 0.515466 0.545724 0.119164 0.428848 0.298128 0.098684 0.448787 0.265884 0.564826 0.217847 0.643215 0.328188 0.405609 0.253717 0.059517 0.118227 0.675393 0.485000 0.274242 0.034000 0.007000 0.184000 0.302000 0.108000 0.429000 0.269291 0.514300 0.253347 0.453267 0.695082 0.283422 0.327519 0.565586 0.696246 0.727273 0.000000
0.357860 0.381890 0.623430 0.385848 0.333458 0.720952 0.603892 0.692378 0.306649 0.494463 0.615129 0.623470 0.700000 0.559330 0.215750 0.517547 0.544546 0.119164 0.428848 0.323498 0.098684 0.448787 0.265884 0.564826 0.365175 0.649390 0.328188 0.405609 0.253717 0.059517 0.205259 0.675393 0.485000 1.000000 0.034000 0.007000 0.184000 0.302000 0.108000 0.429000 0.002000 0.159000 0.001000 0.503315 0.554803 0.283422 0.327519 0.565586 0.870550 0.727273 0.000000
0.411371 0.447072 0.077599 0.757964 0.356746 0.588763 0.599263 0.717332 0.408922 0.633296 0.532847 0.491721 0.770690 0.674603 0.486285 0.426451 0.486979 0.112776 0.463698 0.258474 0.125000 0.531345 0.382412 0.419665 0.201895 0.564348 0.337826 0.590666 0.229708 0.049823 0.083744 0.691099 0.236000 1.000000 0.282880 0.000000 0.307806 0.033000 0.021000 0.371878 0.000000 0.015000 0.000000 0.036000 0.770492 0.459893 0.423143 0.210310 0.750809 0.594658 0.000000
0.444816 0.369890 0.108261 0.067405 0.296486 0.634907 0.574850 0.648625 0.349258 0.445603 0.658261 0.559395 0.569828 0.535738 0.428092 0.228070 0.475610 0.188363 0.492740 0.324658 0.059211 0.526452 0.416240 0.438496 0.189932 0.791159 0.426250 0.577586 0.199558 0.026985 0.213587 0.832461 0.302452 0.136000 0.275240 0.074446 0.320888 0.102000 0.145000 0.172000 0.028000 1.000000 0.174000 0.023000 0.531148 0.315508 0.443798 0.185624 0.728155 0.681818 0.000000
0.444816 0.220472 0.108261 0.067405 0.313691 0.634907 0.592994 0.673662 0.349258 0.445603 0.658261 0.475347 0.569828 0.584325 0.443784 0.228070 0.282552 0.204546 0.492740 0.430021 0.059211 0.628032 0.506892 0.421007 0.102781 0.791159 0.433218 0.619536 0.166242 0.026985 0.226601 0.690054 0.008000 0.136000 0.430000 0.034000 0.163000 0.125219 0.145000 0.172000 0.201281 1.000000 0.174000 0.023000 0.531148 0.315508 0.365037 0.185624 0.684880 0.681818 0.000000
0.427461 0.381890 0.693808 0.544409 0.312102 0.741793 0.619991 0.855263 0.447624 0.556352 0.601194 0.398848 0.430172 0.588294 0.509031 0.754386 0.600566 0.150495 0.681510 0.320254 0.092105 0.562755 0.262647 0.518145 0.281741 0.666159 0.453403 0.326259 0.193838 0.026368 0.054187 0.685864 0.416833 0.073000 0.291000 0.017000 0.068000 0.403129 0.460000 0.502758 0.457125 0.400000 0.801000 1.000000 0.616393 0.213904 0.441860 0.365808 0.912621 0.614384 0.000000
0.381271 0.492126 0.129601 0.354428 0.285500 0.756570 0.612167 0.691016 0.404777 0.648684 0.676216 0.519260 0.686207 0.616071 0.500787 0.548025 0.622396 0.137315 0.508223 0.178941 0.151316 0.536858 0.373059 0.326458 0.257557 0.544146 0.426416 0.594614 0.152445 0.022354 0.162562 0.701571 0.291000 0.249204 0.140000 0.001000 0.090000 0.001000 0.230781 0.061000 0.327175 1.000000 0.325594 0.015000 0.521311 0.544533 0.554264 0.379477 0.669903 0.727273 0.000000
0.200669 0.471307 0.062510 0.641519 0.223425 0.774621 0.403501 0.788113 0.340865 0.734202 0.758461 0.390929 0.525000 0.609354 0.536138 0.549441 0.785156 0.191548 0.510670 0.438800 0.091701 0.435310 0.916346 0.559553 0.514802 0.995427 0.629300 0.890645 0.036973 0.003090 0.289904 1.000000 0.135000 0.830000 0.128000 0.665000 0.464639 0.714041 0.335389 0.731925 0.732000 0.673090 0.691587 0.625000 0.573527 0.240650 0.436287 0.321394 0.823146 0.598278 0.000000
0.420212 0.430454 0.162129 0.557117 0.307274 0.625935 0.607693 0.731358 0.375081 0.543974 0.621101 0.502542 0.557539 0.564484 0.500266 0.753036 0.828125 0.235026 0.405615 0.430935 0.059211 0.750674 0.363438 0.559553 0.376058 0.762195 0.462762 0.404488 0.147622 0.019795 0.103448 0.748691 0.420982 0.059000 0.365000 0.080000 0.423630 0.316790 0.194000 0.521000 0.378419 0.358000 0.375000 0.182000 0.563202 0.433155 0.406318 0.457164 0.744665 0.409091 0.000000
0.404682 0.417626 0.173117 0.825384 0.342825 0.739372 0.636573 0.761797 0.441349 0.570033 0.503650 0.511474 0.540787 0.646825 0.486516 0.530913 0.494792 0.207215 0.404647 0.422930 0.102537 0.676550 0.551824 0.538927 0.111245 0.618902 0.543910 0.684877 0.161554 0.022638 0.224361 0.779333 0.653000 1.000000 0.418397 0.626000 0.478325 0.324000 0.349766 0.075000 0.160000 0.589647 0.299000 0.988000 0.560656 0.251337 0.263566 0.379477 0.815026 0.590909 0.000000
0.475453 0.469846 0.145713 0.952631 0.244099 0.815210 0.522777 0.814882 0.425255 0.764169 0.727273 0.524529 0.587651 0.607909 0.540453 0.588394 0.727865 0.189515 0.509197 0.335204 0.065789 0.467655 0.874099 0.466346 0.511722 0.774390 0.754164 0.957617 0.087207 0.007612 0.600985 0.848675 0.517000 0.277000 0.423000 0.183000 0.465011 0.540000 0.096000 0.745000 0.515000 0.670719 0.702000 0.589866 0.567213 0.203209 0.335271 0.321394 0.823639 0.409091 0.000000
0.478261 0.535433 0.133358 0.491464 0.099288 0.309976 0.732381 0.784936 0.225307 0.583008 0.632481 0.323974 0.575373 0.609915 0.579288 0.951417 0.680990 0.218419 0.515082 0.532405 0.105263 0.780323 0.645796 0.546943 0.681983 1.000000 0.623977 0.692485 0.191159 0.036487 0.187192 0.846112 0.541000 0.723000 0.092000 0.231000 0.482106 0.648577 0.112000 0.457000 0.688000 0.668033 1.000000 0.604908 1.000000 0.250712 0.160853 0.457164 0.734628 0.636364 0.000000
0.401637 0.070866 0.278170 0.411504 0.346965 0.949583 0.776140 0.735027 0.450652 0.614332 0.641009 0.573074 0.663793 0.575715 0.507012 0.593792 0.533854 0.206248 0.256534 0.136425 0.059211 0.886792 0.482298 0.358045 0.273277 0.464939 0.391487 0.705959 0.193302 0.030392 0.251232 0.628556 0.509000 0.088000 0.001000 0.311241 0.381334 0.461203 0.292105 0.740000 0.562725 0.508762 0.472000 0.142000 0.718033 0.513369 0.352713 0.565586 0.724919 0.612165 1.000000
0.545151 0.423013 0.115320 0.514776 0.284001 0.734354 0.608517 0.947822 0.433620 0.485342 0.797611 0.268539 0.420690 0.569234 0.447681 0.545209 0.590299 0.189650 0.592449 0.354416 0.171053 0.556504 0.599757 0.305676 0.282598 0.692073 0.473834 0.669155 0.177041 0.009003 0.098522 0.769634 0.434962 0.229000 0.161000 0.248901 0.349000 0.011000 0.328160 0.128000 0.621000 0.566000 0.320000 1.000000 0.537705 0.411765 0.763566 0.321394 0.640777 0.454545 1.000000
0.250836 0.515748 0.328757 1.000000 0.746169 0.685151 0.692088 0.588022 1.000000 0.635126 0.818845 0.647169 0.712931 0.550595 0.536138 0.508772 0.770833 0.065865 0.545983 0.001121 0.756141 0.584906 0.000000 0.275191 0.238134 0.000000 0.211704 0.000000 1.000000 1.000000 0.004926 0.236979 0.279000 0.588000 0.002000 0.662693 0.044000 0.174000 0.427069 0.819590 0.944000 0.302244 1.000000 0.811000 0.265574 0.609626 0.519380 0.010165 0.032362 0.542309 1.000000
0.238401 0.570866 0.082988 0.542904 0.418883 0.756890 0.722248 0.814428 0.451391 0.644300 0.873922 0.438445 0.650000 0.704365 0.689320 0.630229 0.566406 0.043533 0.498548 0.064467 0.276223 0.811321 0.214907 0.139888 0.097570 0.359756 0.210309 0.426790 0.367999 0.141311 0.179865 0.387435 0.165606 0.010000 0.182708 0.264026 0.237000 0.013000 0.193550 1.000000 0.001000 0.347000 0.000000 0.082627 0.327869 0.652406 0.526732 0.240077 0.265372 0.954545 1.000000
0.187291 0.568069 0.257531 0.429548 0.406716 0.762907 0.478121 0.723230 0.483049 0.715934 0.591904 0.313175 0.661207 0.542659 0.493658 0.681511 0.699219 0.013290 0.481123 0.015460 0.105263 0.571429 0.004301 0.163324 0.048368 0.088415 0.083729 0.307064 0.528466 0.183266 0.118227 0.457943 0.189116 0.029000 0.250000 0.737000 0.151183 0.978000 0.185739 0.871000 0.176000 0.417000 0.002000 0.067945 0.590164 0.582888 0.507752 0.230260 0.361665 0.590909 1.000000
0.397993 0.346457 0.153581 0.568275 0.383668 0.782470 0.636355 0.810799 0.575210 0.868404 0.707686 0.536226 0.614655 0.479167 0.507610 0.454791 0.333333 0.075748 0.413359 0.078064 0.219665 0.524259 0.288649 0.251016 0.224909 0.378049 0.290016 0.566098 0.247689 0.046000 0.185150 0.553741 0.136000 0.644000 0.080000 0.203518 0.111000 0.592000 0.175000 0.070000 0.422948 0.435190 0.421862 0.139000 0.577049 0.470588 0.612403 0.062439 0.455030 0.409091 1.000000
0.204013 0.625984 0.081509 0.775317 0.262645 0.799829 0.427453 0.617060 0.463525 0.441042 0.693465 0.718503 0.717241 1.000000 0.256742 0.462888 0.627384 0.020143 0.413359 0.193023 0.160001 0.676550 0.508419 0.191687 0.243047 0.721037 0.527672 0.559200 0.146551 0.023029 0.113199 0.722513 0.382000 0.292474 0.020000 0.107000 0.004000 0.217000 0.035000 0.766000 1.000000 0.487352 0.653000 0.056000 0.754098 0.689840 0.503977 0.297298 0.601942 0.681818 1.000000
0.317726 0.474732 0.219163 0.763920 0.231922 0.761767 0.432059 0.754533 0.260168 0.710098 0.698739 0.442765 0.291379 0.000000 0.749730 0.543107 0.580279 0.115779 0.853824 0.420480 0.078947 0.617251 0.508195 0.336849 0.285369 0.782012 0.436296 0.498573 0.109310 0.012193 0.059113 0.680628 0.000000 0.359000 0.714000 0.028000 0.759000 0.295183 0.307000 0.461241 0.258000 0.524000 0.004000 0.298960 0.561485 1.000000 0.279070 0.346871 0.229773 0.454545 1.000000
0.170569 0.196850 0.099433 0.537326 0.387481 0.661824 0.640679 0.736842 0.376372 0.598046 0.845388 0.539070 0.582759 0.420635 0.418554 0.579681 0.386719 0.028109 1.000000 0.215735 0.092105 0.371968 0.271710 0.253877 0.136492 0.450106 0.299389 0.494481 0.265774 0.059409 0.183317 0.612565 0.226000 0.000000 0.019000 0.005000 0.000000 0.589000 0.200682 1.000000 0.408000 0.063000 0.267000 0.019000 0.704918 0.556150 0.510385 0.565586 0.682848 0.409091 1.000000
0.304348 0.523622 0.060408 0.447030 0.238666 0.722068 0.497006 0.707898 0.535830 0.611075 0.862641 0.488581 0.383621 0.554111 0.582524 0.286100 0.549479 0.056282 0.484027 0.526270 0.157895 0.369272 0.534631 0.274659 0.110036 0.630743 0.448719 0.687680 0.207692 0.022271 0.261084 0.816754 0.365000 0.293000 0.289106 0.121082 0.298000 0.042000 0.618000 0.025000 0.101000 0.017000 0.000000 1.000000 0.249180 0.443500 0.386359 0.378528 0.375405 0.363636 1.000000
0.351171 0.468504 0.068707 0.584984 0.723679 0.584490 0.566099 0.649274 0.433203 0.478827 0.664234 0.449244 0.499138 0.482049 0.414239 0.570212 0.605469 0.058182 0.113262 0.129620 0.177632 0.510954 0.064486 0.248759 0.214027 0.213415 0.099054 0.478862 0.432150 0.170240 0.009852 0.335079 0.000000 0.735000 0.220851 0.000000 0.510000 0.153000 0.197728 0.018000 0.002000 1.000000 0.355000 0.004000 0.616393 0.791444 0.492248 0.287115 0.414239 0.545455 1.000000
0.595318 0.346457 0.076467 0.504969 0.248595 0.556505 0.682174 0.493648 0.225307 0.585892 0.429993 0.499930 0.495690 0.565845 0.429342 0.568151 0.000000 0.422718 0.593417 0.475121 0.101627 0.552884 0.463420 0.264268 0.094317 0.812500 0.445955 0.447957 0.180710 0.033915 0.108374 0.774869 0.432273 0.157000 0.396000 1.000000 0.420391 0.486000 0.321725 0.490000 0.441000 0.160000 0.363977 0.186000 0.561313 0.534759 0.401163 0.728461 0.757245 0.409091 1.000000
0.382582 0.393871 0.117745 0.262571 0.320145 0.552446 0.693690 0.535844 0.501614 0.540717 0.658261 0.473002 0.419828 0.547872 0.403452 0.201080 0.463542 0.101449 0.483321 0.233285 0.131579 0.436658 0.189918 0.269386 0.128174 0.506098 0.438914 0.592802 0.366644 0.043359 0.103448 0.565445 1.000000 0.217360 0.485000 0.026000 0.389000 0.011000 0.288000 0.330342 0.211831 0.822000 0.052000 0.413714 0.485246 0.441705 0.370445 0.367368 0.686004 0.588200 1.000000
0.652174 0.456766 0.057014 0.501048 0.408018 0.749359 0.632888 0.701452 0.493221 0.639739 0.542800 0.539957 0.706034 0.563381 0.337648 0.709852 0.568669 0.333894 0.503677 0.261647 0.046053 0.545006 0.214806 0.295285 0.157195 0.512195 0.442438 0.593035 0.217638 0.044571 0.118227 0.667243 0.260281 0.271150 0.287230 0.141000 0.348000 0.013000 0.344000 0.603000 0.333373 1.000000 0.158000 0.277000 0.373771 0.492771 0.331395 0.039690 0.629629 0.500000 1.000000
0.588629 0.474017 0.093334 0.538670 0.324279 0.773980 0.626439 0.735027 0.388638 0.624578 0.687459 0.510090 0.549138 0.454365 0.404531 0.535800 0.635417 0.230102 0.784124 0.241469 0.065789 0.554829 0.420083 0.388230 0.370012 0.568993 0.432844 0.685802 0.187206 0.024212 0.155247 0.743455 0.127000 0.403000 0.005000 0.182000 0.375684 0.374544 0.284163 0.518001 0.470626 0.078000 0.463268 0.385988 0.580328 0.442038 0.401163 0.337443 0.741100 0.606479 1.000000
0.227425 0.318898 0.023280 0.497047 0.188647 0.738517 0.558268 0.633394 0.389929 0.617805 0.769741 0.500723 0.581555 0.569444 0.351672 0.472335 0.635417 0.142872 0.765731 0.272025 0.190789 0.316712 0.683534 0.393766 0.141475 0.591860 0.445680 0.798578 0.122840 0.015975 0.507389 0.863874 0.034000 0.003000 0.286371 0.170603 1.000000 0.241015 0.261520 0.223000 0.036000 0.054000 0.000000 0.608000 0.557373 0.657754 0.383721 0.565586 0.294498 0.636364 1.000000
0.301003 0.429134 0.060301 0.032501 0.498501 0.719339 0.886228 0.000000 0.179471 0.000000 0.551427 0.681065 0.555774 0.549207 0.468547 0.883941 0.071615 0.157427 0.492413 0.283547 0.197368 0.840970 0.161055 0.202078 0.139057 0.789634 0.442018 0.075652 0.348694 0.203780 0.019704 0.507853 0.281000 0.659000 0.286874 0.105282 0.315386 0.144527 0.587000 0.351194 1.000000 0.522142 0.194180 0.581000 0.563934 0.470588 0.153101 0.077202 0.641015 0.727273 1.000000
0.036789 0.501896 0.109979 0.767637 0.252529 0.772893 0.422386 0.893376 0.446090 0.438436 0.850697 0.409647 0.905172 0.718254 0.570658 0.531714 0.605534 0.096000 0.424008 0.310022 0.139625 0.328841 0.692115 0.082816 0.234583 0.698171 0.589247 0.702769 0.075285 0.006988 0.158524 0.624776 0.000000 0.045000 0.254421 0.273207 0.046000 0.414837 0.274925 0.683000 0.194000 0.500720 0.500845 0.419000 0.718033 0.505664 0.319767 0.324290 0.595469 0.772727 1.000000
0.170569 0.685039 0.169963 0.474768 0.363807 0.625080 0.516352 0.781760 0.338928 0.308795 0.544791 0.386609 0.830172 0.570506 0.518751 0.870445 0.546875 0.009847 0.800581 0.437483 1.000000 0.247978 0.329280 0.072581 0.170496 0.657012 0.510335 0.773107 0.189149 0.027360 0.145103 0.685864 0.348000 0.078000 0.228831 0.310656 0.310969 0.453363 0.001000 0.224000 0.377000 0.465857 0.495000 0.050000 0.416393 0.909091 0.889535 0.321394 0.515560 0.611848 1.000000
0.250836 0.535433 0.108638 0.546228 0.387155 0.878658 0.638801 0.685118 0.444527 0.566775 0.708870 0.540983 0.809483 0.687500 0.737864 0.601889 0.666667 0.048857 0.527923 0.170170 0.215752 0.534023 0.290351 0.258995 0.163241 0.565549 0.335338 0.625129 0.158205 0.022879 0.197044 0.649215 0.024000 1.000000 0.044000 0.056000 0.144000 0.386083 0.345000 0.005000 0.452454 0.323000 0.447362 0.037000 0.531148 0.572192 0.329457 0.062439 0.566343 0.604822 1.000000
0.478261 0.413386 0.143903 0.000000 0.366242 0.712234 0.769231 0.638385 0.087799 0.649151 0.684096 0.204464 0.190517 0.184524 0.400216 0.789474 0.792969 0.012583 0.471695 0.243868 0.440789 0.506655 0.228136 0.435174 0.060459 0.646341 0.315874 0.526916 0.344943 0.096072 0.295566 0.507853 0.111000 0.000000 0.000000 0.048000 0.146000 0.000000 0.000000 0.275558 0.000000 0.000000 0.131079 1.000000 0.554098 0.818182 0.372093 0.350605 0.472492 0.577414 1.000000
0.410739 0.433071 0.164074 0.464052 0.366242 0.687674 0.599916 0.789020 0.404182 0.334853 0.595222 0.465803 0.617241 0.556624 0.710895 0.520918 0.398438 0.325078 0.489556 0.216241 0.092105 0.396226 0.336315 0.453381 0.101572 0.535061 0.365393 0.612080 0.246082 0.048032 0.192118 0.748799 0.383446 0.074000 0.308228 0.129000 0.500000 0.004000 0.128000 0.371703 0.270931 0.292000 0.253602 1.000000 0.577049 0.288770 0.288760 0.457164 0.734206 0.636364 1.000000
0.137124 0.421260 0.139014 0.528127 0.228363 0.804743 0.654998 0.828947 0.434406 0.688599 0.617784 0.518088 0.733621 0.437500 0.367853 0.267206 0.390625 0.016830 0.599226 0.252570 0.118421 0.545289 0.397775 0.269386 0.269649 0.736281 0.576099 0.746910 0.223064 0.018465 0.389163 0.780105 0.000000 1.000000 0.466000 0.179985 0.000000 0.621000 0.884000 0.000000 0.357000 0.205000 0.001000 0.000000 0.547541 0.470588 0.456641 0.344535 0.640777 0.500000 1.000000
0.356920 0.263780 0.084227 0.415919 0.367441 0.754835 0.611498 0.747731 0.446094 0.915961 0.678109 0.392369 0.612178 0.551316 0.493375 0.182186 0.154948 0.109918 0.506732 0.118158 0.185951 0.413747 0.317318 0.552419 0.197408 0.429878 0.416365 0.581992 0.245186 0.042552 0.201970 0.554974 0.000000 0.238782 0.485000 0.132936 0.018000 0.410000 0.754000 0.393520 0.307735 1.000000 0.003000 0.297000 0.593443 0.438503 0.653101 0.350874 0.562033 0.545455 1.000000
0.393073 0.322835 0.042410 0.476486 0.353787 0.811151 0.559650 0.757984 0.484183 0.545928 0.609821 0.574514 0.653448 0.781746 0.506615 0.265857 0.457031 0.205970 0.604066 0.176711 0.092105 0.326146 0.394109 0.353314 0.200063 0.452744 0.407876 0.572526 0.230007 0.042985 0.211823 0.586387 0.334446 0.143000 0.262009 0.279583 0.580000 0.423148 0.276946 0.574685 1.000000 0.026000 0.501000 0.328926 0.514754 0.461162 0.255814 0.379477 0.621319 0.606278 1.000000
0.290863 0.622047 0.130255 0.512649 0.309105 0.948302 0.543068 0.395191 0.493221 0.677730 0.886530 0.379410 0.538793 0.694444 0.379720 0.568040 0.597656 0.070201 0.514376 0.229077 0.375000 0.521294 0.388432 0.051799 0.047158 0.488149 0.393672 0.479194 0.291992 0.023670 0.192118 0.628272 0.121742 0.205986 0.266682 0.396000 0.000000 0.012000 0.000000 0.001000 0.321092 0.202000 0.323520 0.000000 0.780328 0.775401 0.571705 0.457164 0.458021 0.593277 1.000000
0.434783 0.381890 0.141025 0.416043 0.446047 0.869045 0.512206 0.897005 0.357005 0.564821 0.666297 0.419006 0.502586 0.505952 0.508464 0.545347 0.440104 0.113362 0.294288 0.234561 0.092105 0.881402 0.477192 0.354206 0.243047 0.460366 0.371135 0.608360 0.165975 0.021521 0.083744 0.602094 0.309404 0.298125 0.257469 0.039000 0.154000 0.254000 0.109000 0.500000 0.496607 1.000000 0.855000 0.146000 0.478689 0.401070 0.469060 0.321394 0.656958 0.727273 1.000000
0.672241 0.377953 0.171025 0.376114 0.197078 0.719066 0.637955 0.717810 0.407265 0.186319 0.517585 0.500740 0.508647 0.134921 0.374326 0.520214 0.760417 0.436094 0.362052 0.459166 0.095618 0.547170 0.442131 0.553557 0.177751 0.850610 0.538928 0.619309 0.186336 0.024333 0.231609 0.808455 0.551000 0.275000 0.383574 0.115000 0.275000 0.347000 0.154000 0.399530 0.296805 0.679000 0.335000 0.636109 0.763934 0.272727 0.465116 0.728461 0.889968 0.681818 1.000000
0.147157 0.366142 0.084604 0.549779 0.383427 0.700919 0.633740 0.758167 0.521627 0.738111 0.518912 0.652988 0.662511 0.633929 0.512258 0.728745 0.518229 0.055054 0.409487 0.181082 0.198663 0.609164 0.328880 0.207196 0.136638 0.481141 0.350135 0.586510 0.242599 0.046741 0.251232 0.554974 0.173000 0.251181 0.239579 0.077000 0.351000 0.390339 0.035000 0.553321 0.541000 0.452460 0.367000 0.000000 0.416393 0.518717 0.416667 0.565586 0.378641 0.500000 1.000000
0.360297 0.570866 0.137994 0.218967 0.374674 0.845546 0.549056 0.600272 0.418334 0.659380 0.670206 0.527879 0.630186 0.556155 0.646170 0.603239 0.710938 0.009140 0.561471 0.208954 0.189137 0.537027 0.357226 0.155397 0.160822 0.525915 0.350003 0.510780 0.212726 0.041977 0.246305 0.596859 0.000000 0.250725 0.000000 0.110000 0.538000 0.000000 0.232808 0.000000 0.681000 1.000000 0.369000 0.526000 0.555399 0.764706 0.466277 0.379477 0.546771 0.772727 1.000000
0.344279 0.492740 0.154335 0.191990 0.296740 0.767213 0.620269 0.758668 0.429943 0.575896 0.854678 0.541397 0.584483 0.548444 0.562028 0.601889 0.539062 0.082843 0.512623 0.141315 0.223684 0.529352 0.336037 0.119107 0.079807 0.638719 0.461507 0.649580 0.151775 0.022080 0.261084 0.604144 0.158552 0.233866 0.268184 0.149236 0.284194 0.161000 0.406000 1.000000 0.201000 0.447000 0.000000 0.202676 0.268852 0.545455 0.469474 0.457164 0.265372 0.600696 1.000000
0.237458 0.366142 0.111343 0.591706 0.500000 0.606708 0.845233 0.685572 0.634603 0.696417 0.666864 0.509719 0.631034 0.500000 0.311758 0.654521 0.800781 0.103620 0.362052 0.146140 0.171053 0.625337 0.151798 0.440447 0.298670 0.422256 0.172266 0.219171 0.339451 0.117519 0.068966 0.627563 0.609000 0.197000 0.284863 0.012000 0.644000 1.000000 0.298140 0.088000 0.470000 0.107000 0.697000 0.952000 0.575068 0.467607 0.479964 0.565586 0.715210 0.681818 1.000000
0.000000 0.685039 0.221695 0.422183 0.393648 0.638112 0.596039 0.636116 0.443265 0.700046 0.727695 0.495320 0.730172 0.485104 0.490831 0.580232 0.815104 0.041722 0.643756 0.082255 0.294974 0.515828 0.144820 0.113989 0.089480 0.373476 0.277553 0.327667 0.381465 0.124923 0.226601 0.439791 0.148000 0.003000 0.174000 0.745000 0.198956 0.351760 0.070000 0.048000 0.377004 0.381191 0.372628 0.300000 0.510227 0.684479 0.506527 0.272512 0.446602 0.681818 1.000000
0.568562 0.417323 0.105028 0.778404 0.619708 0.817988 0.625979 0.931942 0.479019 0.658576 0.579960 0.244780 0.504310 0.685516 0.533308 0.574351 0.646781 0.162906 0.311713 0.000000 0.180484 0.831536 0.053994 0.321185 0.171715 0.163110 0.369793 0.444597 0.399330 0.104443 0.098776 0.579227 0.706000 0.031000 0.252135 0.473000 0.805000 0.572874 0.599000 0.585000 0.832000 0.496366 0.573000 0.261035 0.567213 0.529412 0.319767 0.276137 0.588997 0.625658 1.000000
0.416379 0.622047 0.056421 0.823282 0.342245 0.749243 0.731000 0.690563 0.448317 0.617692 0.695421 0.342693 0.533621 0.767857 0.695793 0.536812 0.601679 0.269313 0.559535 0.274066 0.118907 0.557952 0.266349 0.411471 0.234616 0.391768 0.445712 0.492406 0.281179 0.062324 0.157635 0.492147 0.478000 0.325016 0.314619 0.269000 0.407503 0.384974 0.225000 0.089000 0.469475 0.604000 0.474123 1.000000 0.570189 0.428203 0.375969 0.069458 0.686174 0.454545 1.000000
0.424749 0.255906 0.181512 0.389722 0.238612 0.788079 0.583141 0.713675 0.410650 0.645603 0.653616 0.467963 0.532759 0.574901 0.495598 0.517755 0.571276 0.279670 0.503223 0.494713 0.046053 0.567385 0.568839 0.673542 0.477630 0.785929 0.553678 0.717307 0.146952 0.034820 0.300493 0.821990 0.560000 0.365324 0.424337 0.288759 0.839000 0.003000 0.707000 0.656000 0.119000 0.117000 0.084000 1.000000 0.642623 0.283422 0.263566 0.447118 0.822006 0.772727 1.000000
0.505017 0.602362 0.091125 0.615252 0.476208 0.718863 0.622755 0.784356 0.420917 0.672352 0.705163 0.443485 0.677678 0.231151 0.353830 0.582996 0.651539 0.144901 0.543605 0.131244 0.315789 0.580863 0.308637 0.145006 0.159388 0.432927 0.347474 0.684428 0.295786 0.103403 0.241379 0.565445 0.310745 0.417000 0.221648 0.392000 0.313640 1.000000 0.116000 0.245000 0.835000 0.464170 0.832000 0.147000 0.632787 0.549980 0.674419 0.240077 0.686084 0.500000 1.000000
0.183946 0.740157 0.184243 0.380509 0.330274 0.938261 0.694611 0.759860 0.460890 0.640159 0.667270 0.553636 0.757759 0.625000 0.522114 0.514170 0.616707 0.080270 0.527946 0.220299 0.109310 0.216981 0.419245 0.335604 0.058041 0.507622 0.365894 0.566616 0.176021 0.028726 0.182266 0.596859 0.530000 0.254000 0.425000 0.415000 0.383376 0.540000 0.299000 0.563000 0.667941 0.509326 0.850000 0.501000 0.579161 0.326203 0.282946 0.336451 0.582524 0.621334 1.000000
0.207495 0.200787 0.112410 0.588325 0.446422 0.736595 0.718563 0.963702 0.539057 0.736156 0.823490 0.560377 0.695690 0.433532 0.367853 0.493927 0.720052 0.042905 0.542757 0.053878 0.164474 0.525282 0.163501 0.253877 0.059250 0.352113 0.208104 0.416728 0.298192 0.069678 0.152709 0.408377 0.180461 0.000000 0.217000 0.000000 0.050000 0.521000 0.112000 1.000000 0.538722 0.314776 0.537581 0.000000 0.505601 0.702526 0.509690 0.164811 0.233010 0.363636 1.000000
0.240803 0.485712 0.125598 0.549025 0.176283 0.728263 0.445417 0.839383 0.310523 0.627828 0.656878 0.579554 0.697414 0.511905 0.511992 0.541293 0.386719 0.078788 0.604066 0.255901 0.117199 0.252022 0.611159 0.595844 0.224803 0.841463 0.429287 0.584695 0.062157 0.023265 0.083744 0.853403 0.034000 0.337000 0.550000 0.291048 0.843000 0.164000 0.200000 1.000000 0.522755 0.517147 0.213000 0.027000 0.571808 0.379679 0.759690 0.146902 0.702265 0.454545 1.000000
0.598662 0.393701 0.041655 0.745670 0.497003 0.653706 0.635226 0.757260 0.459651 0.580456 0.773059 0.613391 0.675862 0.539683 0.544768 0.574065 0.320312 0.241261 0.342691 0.171577 0.072368 0.530997 0.150465 0.435174 0.270859 0.394817 0.172367 0.551523 0.261755 0.064673 0.014778 0.492147 0.074000 0.275000 0.144000 0.358543 0.316000 1.000000 0.973000 0.681748 0.769000 0.973000 0.120000 0.009000 0.586885 0.449198 0.565891 0.565586 0.731392 0.409091 1.000000
0.010033 0.618110 0.171472 0.122845 0.370469 0.776330 0.329341 0.774501 0.355068 0.672312 0.700575 0.437005 0.468966 0.377976 0.448806 0.395412 0.332031 0.000123 0.487299 0.165053 0.460526 0.394879 0.260924 0.160670 0.088271 0.440549 0.302558 0.442844 0.236303 0.050606 0.241379 0.570681 0.086123 0.116000 0.238881 0.064000 0.192000 0.373000 0.466000 0.196000 0.229031 0.302000 0.044000 0.140000 0.668852 0.780749 0.389535 0.310565 0.433657 0.581813 1.000000
0.429074 0.220472 0.173669 0.645640 0.412327 0.643025 0.533395 0.542650 0.576501 0.577147 0.528202 0.507371 0.408621 0.434524 0.816613 0.529193 0.662760 0.071671 0.504681 0.409244 0.085526 0.901617 0.586326 0.414547 0.044740 0.635671 0.514144 0.745939 0.152263 0.026252 0.275862 0.774869 0.812000 0.264000 0.669000 0.056000 0.465798 0.074000 0.344442 0.847000 0.271000 0.920000 0.149000 1.000000 0.442623 0.417112 0.058140 0.379477 0.598706 0.681818 1.000000
0.428094 0.035433 0.062672 0.499973 0.438741 0.702200 0.558729 0.734034 0.432959 0.609078 0.555408 0.302376 0.462069 0.357143 0.365696 0.232119 0.178385 0.158412 0.500537 0.287205 0.122927 0.435310 0.204643 0.544045 0.068924 0.437500 0.454628 0.582014 0.257066 0.065023 0.187518 0.565445 0.332000 1.000000 0.268000 0.965000 0.284000 0.247986 0.279108 0.608000 0.628000 0.209000 0.319000 0.347000 0.603279 0.429940 0.414556 0.457164 0.711974 0.601431 1.000000
0.220999 0.751969 0.130401 0.788084 0.331023 0.674001 0.743897 0.628403 0.355068 0.599349 0.800929 0.339813 0.584609 0.066468 0.067961 0.460189 0.664062 0.003765 0.511317 0.193307 0.776316 0.661725 0.236239 0.176179 0.072551 0.599085 0.281061 0.466029 0.342398 0.095273 0.305419 0.518325 0.136000 0.171978 0.051000 0.000000 0.195444 0.003000 0.196428 0.004000 0.055000 1.000000 0.725000 0.003000 0.000000 0.680445 0.746124 0.457164 0.402435 0.727273 1.000000
0.425480 0.311024 0.133767 0.823885 0.288415 0.700064 0.499770 0.740429 0.451834 0.433876 0.635673 0.535637 0.621552 0.661706 0.552319 0.540197 0.614583 0.134222 0.517520 0.352987 0.111842 0.452830 0.635185 0.454898 0.085852 0.681402 0.580033 0.826253 0.161018 0.021025 0.173938 0.801047 0.224000 0.364451 0.741000 0.011000 0.704000 0.498372 0.338143 0.352000 0.107000 0.780000 0.744000 0.169000 0.560656 0.362262 0.753876 0.374518 0.559871 0.618234 1.000000
0.454850 0.291339 0.039015 0.191134 0.301986 0.539415 0.597559 0.552632 0.225952 0.686645 0.668215 0.502520 0.502586 0.615079 0.484358 0.551957 0.565104 0.165539 0.486153 0.387656 0.125000 0.671159 0.255802 0.376472 0.111245 0.725610 0.434969 0.594403 0.225586 0.052346 0.202894 0.670828 0.034000 0.000000 0.279767 0.006000 0.271000 0.369000 0.086000 0.195000 0.174000 0.512967 0.153000 0.031000 0.652459 0.588235 0.356589 0.565586 0.640777 0.681818 1.000000
0.454850 0.287402 0.037398 0.478546 0.299738 0.541978 0.721787 0.547187 0.240155 0.672313 0.672971 0.509752 0.587526 0.602183 0.475244 0.547908 0.551333 0.158986 0.497009 0.389635 0.125000 0.676550 0.261102 0.295285 0.107618 0.728659 0.357030 0.390934 0.243938 0.058893 0.142857 0.644698 0.034000 0.000000 0.278109 0.006000 0.271000 0.371000 0.216894 0.354643 0.174000 0.505150 0.153000 0.031000 0.672131 0.652406 0.372093 0.457164 0.611650 0.593690 1.000000
0.347826 0.467342 0.084874 0.461057 0.502623 0.747113 0.594196 0.902450 0.450216 0.777199 0.646738 0.555076 0.513793 0.587302 0.398058 0.510121 0.603360 0.074283 0.556631 0.130505 0.072368 0.522911 0.127331 0.357475 0.192261 0.616169 0.446918 0.294928 0.327127 0.086377 0.064039 0.471204 1.000000 0.512000 0.528000 0.762000 0.859000 0.094000 0.485000 0.518949 0.027000 0.160000 0.485116 0.729000 0.572204 0.379679 0.403101 0.457164 0.766990 0.500000 1.000000
0.351586 0.307087 0.079862 0.517268 0.493631 0.593036 0.559189 0.753730 0.540349 0.731596 0.679252 0.520286 0.621276 0.494048 0.363538 0.560054 0.569010 0.017994 0.588577 0.141658 0.178909 0.520216 0.143918 0.336849 0.189356 0.524957 0.200941 0.573576 0.336772 0.046222 0.118227 0.621643 0.170348 0.239758 0.440000 0.143004 0.296703 0.287004 0.222361 0.641000 0.065000 0.402000 0.017000 0.221583 0.377049 0.374332 0.560078 0.565586 0.747573 0.363636 1.000000
0.140468 0.523622 0.125882 0.136146 0.426377 0.778893 0.515431 0.726860 0.519690 0.669707 0.751825 0.535742 0.444828 0.890873 0.530744 0.781377 0.733073 0.065391 0.466602 0.120563 0.072368 0.613208 0.407206 0.302793 0.179909 0.440549 0.335879 0.583264 0.194642 0.030225 0.157635 0.587831 0.308542 0.819000 0.238476 0.817000 0.072000 0.493007 0.149000 0.063000 0.273000 0.650000 1.000000 0.646000 0.521311 0.657754 0.348837 0.026621 0.420712 0.615420 1.000000
0.735786 0.475992 0.129499 0.562773 0.264874 0.748039 0.573970 0.622958 0.260813 0.519218 0.635950 0.596832 0.600827 0.639881 0.436893 0.547798 0.445312 0.127458 0.666989 0.258164 0.107073 0.345013 0.526607 0.513027 0.301088 0.565549 0.495860 0.623475 0.144145 0.036538 0.198929 0.743455 0.538686 0.395239 0.881000 0.988000 0.675000 0.988000 0.171000 0.509000 0.630726 0.567436 0.668523 0.382000 0.603279 0.310160 0.377907 0.117861 0.754045 0.500000 1.000000
0.426762 0.645669 0.132818 0.610688 0.297522 0.707968 0.601707 0.800817 0.578438 0.768078 0.639681 0.246940 0.316379 0.484127 0.572816 0.557355 0.691406 0.200882 0.482091 0.304169 0.095605 0.412399 0.471902 0.443816 0.257557 0.632010 0.474225 0.574856 0.125921 0.022705 0.167490 0.769634 0.277000 0.635000 0.364218 0.529000 0.452130 0.108000 0.336050 0.206000 1.000000 0.435000 0.630000 0.488117 0.672131 0.374600 0.187984 0.210310 0.727234 0.772727 1.000000
0.285648 0.484252 0.157191 0.338595 0.446047 0.916898 0.654076 0.782248 0.370562 0.651466 0.686795 0.548297 0.503448 0.545721 0.519260 0.590248 0.544271 0.165299 0.535954 0.120001 0.138158 0.552561 0.234679 0.207408 0.282950 0.443598 0.387075 0.686876 0.185399 0.027210 0.144352 0.504892 0.025000 0.230449 0.009000 0.297468 0.198421 0.630000 0.217486 0.527000 1.000000 0.025000 0.407000 0.003000 0.390164 0.657754 0.486434 0.268154 0.207120 0.409091 1.000000
0.140468 0.458292 0.274506 0.454048 0.510866 0.456526 0.709351 1.000000 0.404353 0.654626 0.680159 0.308855 0.575943 0.331349 0.255663 0.753036 0.338542 0.107781 0.159729 0.194291 0.151316 0.772237 0.116533 0.191687 0.169333 0.533580 0.371830 0.552150 0.275375 0.106300 0.019704 0.434555 0.139143 0.034000 1.000000 0.035000 0.647000 0.730000 0.026000 0.253000 0.001000 0.472219 0.172000 0.215755 0.531488 0.620321 0.000000 0.457164 0.512537 0.000000 1.000000
0.484950 0.374016 0.115428 0.788385 0.287367 0.639180 0.496085 0.675590 0.441719 0.581107 0.738553 0.599712 0.560121 0.347222 0.292341 0.415655 0.428385 0.199885 0.467570 0.357480 0.111842 0.559605 0.480902 0.455955 0.301050 0.637195 0.427682 0.599462 0.201474 0.034889 0.182266 0.759162 0.381000 0.237000 0.324000 0.285022 0.431000 0.140000 0.338363 0.697000 0.404000 1.000000 0.247000 0.745000 0.568693 0.341836 0.503876 0.164811 0.954693 0.610952 1.000000
0.605351 0.503937 0.158431 0.792656 0.514238 0.649220 0.722248 0.655626 0.296966 0.658632 0.694094 0.530468 0.549138 0.560885 0.133765 0.190283 0.592768 0.161362 0.636012 0.131361 0.180036 0.541179 0.178360 0.393766 0.116082 0.517391 0.226907 0.574332 0.291494 0.064523 0.113300 0.523560 0.039000 0.266041 0.394000 0.205941 1.000000 0.575000 0.247169 0.179000 0.734000 0.698000 0.047000 0.116000 0.557377 0.315508 0.265504 0.328228 0.689320 0.605970 1.000000
0.043478 0.492126 0.245083 0.304355 0.355235 0.695789 0.605766 0.611162 0.388667 0.650669 0.690455 0.402448 0.518382 0.470779 0.425478 0.538139 0.257812 0.108187 0.336883 0.202296 0.265288 0.503226 0.273403 0.200527 0.124169 0.504573 0.464962 0.815934 0.222371 0.036172 0.581281 0.612565 0.028000 0.000000 0.654000 0.100938 0.224773 0.007000 0.275000 0.007000 0.000000 0.413838 0.159000 0.033000 0.281967 0.630401 0.482558 0.331587 0.110032 0.545455 1.000000
0.200669 0.516175 0.097528 0.506291 0.278756 0.906217 0.676647 0.704174 0.347321 0.697720 0.689573 0.564435 0.657378 0.346230 0.490831 0.688259 0.710938 0.028123 0.348500 0.148800 0.174445 0.545281 0.346809 0.222860 0.143894 0.629573 0.487030 0.695803 0.161018 0.026236 0.174910 0.670157 0.000000 0.296000 0.139000 0.000000 0.046000 0.001000 0.538000 1.000000 0.279000 0.484875 0.482047 0.593000 0.744262 0.743316 0.494199 0.379477 0.508091 0.863636 1.000000
0.441585 0.381890 0.062241 0.736559 0.265645 0.701987 0.572775 0.756806 0.355068 0.600067 0.611812 0.555796 0.550000 0.599907 0.451996 0.354926 0.485677 0.415311 0.393030 0.284265 0.114741 0.562207 0.506745 0.383375 0.290206 0.574695 0.499425 0.791182 0.182432 0.024503 0.305419 0.753927 0.551056 0.079000 0.818000 0.569000 0.080000 0.985000 0.156000 1.000000 0.819000 0.149000 0.774000 0.473188 0.649180 0.340663 0.457364 0.276137 0.679612 0.618837 1.000000
0.408447 0.433071 0.125263 0.383247 0.347026 0.765648 0.858130 0.822142 0.337637 0.437134 0.664897 0.503960 0.749138 0.666667 0.510537 0.520918 0.774740 0.078260 0.767667 0.149877 0.116942 0.560600 0.347637 0.383205 0.222561 0.515244 0.374172 0.583398 0.188333 0.022444 0.149677 0.643979 0.359000 0.319856 0.021000 0.284976 0.399171 0.631000 0.140000 0.317000 0.517198 0.515850 0.398000 0.915000 0.419672 0.197861 0.460880 0.379477 0.844660 0.545455 1.000000
0.421405 0.791339 0.138923 0.687917 0.519108 0.897458 0.608936 0.767274 0.411879 0.644483 0.670448 0.715623 0.634483 0.713294 0.459547 0.728745 0.930990 0.061974 0.400774 0.067755 0.134374 0.475741 0.445318 0.347042 0.357920 0.390244 0.412685 0.689857 0.203648 0.037521 0.251232 0.492147 0.214000 0.091000 0.058000 0.188000 0.359420 0.001000 0.217000 0.583332 0.527208 0.980000 0.187000 0.703000 0.462295 0.358289 0.381783 0.276137 0.582524 0.727273 1.000000
0.294777 0.748031 0.053888 0.452446 0.314912 0.683828 0.684017 0.739564 0.431820 0.677516 0.603185 0.527558 0.626716 0.588294 0.519957 0.797571 0.575714 0.066951 0.687319 0.179901 0.078947 0.427224 0.279903 0.165788 0.258767 0.553354 0.302116 0.423830 0.254253 0.061891 0.182266 0.628272 0.000000 0.207773 0.262644 0.000000 0.074000 0.044000 0.000000 0.247000 0.044000 1.000000 0.548000 0.001000 0.331148 0.262032 0.709302 0.276137 0.566343 0.409091 1.000000
0.264214 0.475723 0.145533 0.619491 0.377670 0.756427 0.508982 0.749193 0.424397 0.722476 0.765096 0.560835 0.411207 0.463294 0.748652 1.000000 0.568615 0.067745 0.795741 0.232167 0.078947 0.530060 0.274021 0.466346 0.193753 0.513719 0.315899 0.576252 0.249266 0.056826 0.211823 0.629391 0.171168 0.233103 0.280170 0.000000 0.290000 0.261975 0.012000 0.044000 0.002000 0.505023 0.041000 0.228745 0.540984 0.565921 0.544574 0.077202 0.546367 1.000000 1.000000
0.381366 0.496063 0.141510 0.380420 0.234170 0.713370 0.354675 0.573049 0.391906 0.674267 0.599204 0.492441 0.412931 0.362103 0.146710 0.514129 0.565104 0.167831 0.470474 0.373715 0.142386 0.828841 0.693571 0.145006 0.290206 0.615892 0.685973 0.735871 0.092565 0.044557 0.212480 0.806283 0.275605 0.019000 0.288221 0.035000 0.319601 0.092000 0.227897 0.982000 0.002000 0.010000 0.245000 0.035000 0.478689 0.461715 0.257752 0.106002 0.665100 0.590909 1.000000
0.117057 0.665354 0.088161 0.869707 0.214874 0.730186 0.469830 0.720054 0.440043 0.676221 0.737226 0.585313 0.426724 0.370040 0.528587 0.614035 0.593667 0.015726 0.504937 0.409234 0.118421 0.554442 0.792277 0.527458 0.345828 0.716563 0.739916 0.872096 0.077696 0.007579 0.467980 0.768556 0.556000 0.055000 0.283000 0.293000 0.471794 0.397045 0.015000 0.302000 0.405315 0.301000 0.436000 0.589795 0.570297 0.290534 0.390413 0.395912 0.809061 0.590909 1.000000
0.210702 0.712598 0.123129 0.769786 0.285313 0.771939 0.645325 0.788566 0.327308 0.484039 0.536165 0.632829 0.634811 0.639881 0.506369 0.663968 0.587089 0.091043 0.515343 0.282053 0.172176 0.425876 0.552432 0.321070 0.195330 0.707317 0.410771 0.685423 0.232644 0.024012 0.185206 0.769634 0.056000 0.082000 0.008000 0.071000 0.445000 0.620000 0.244232 0.492800 0.170000 0.505845 0.001000 0.101000 0.558784 0.549169 0.424419 0.117861 0.579288 0.500000 1.000000
0.113712 0.523622 0.067360 0.559054 0.394481 0.935270 0.729618 0.852087 0.616527 0.798046 0.595222 0.568754 0.595690 0.687500 0.644013 0.516869 0.617395 0.022171 0.535497 0.094788 0.177632 0.522911 0.250774 0.284895 0.129383 0.428354 0.296519 0.521439 0.298098 0.043101 0.236453 0.520482 0.526000 0.237813 0.017000 0.282006 0.029000 0.385000 0.000000 0.597854 0.409000 0.162000 0.345000 0.000000 0.386885 0.626882 0.753876 0.281329 0.423310 0.609591 1.000000
0.334448 0.544877 0.059818 0.949571 0.398506 0.831019 0.641561 0.786751 0.479183 0.451466 0.524220 0.550553 0.720690 0.780754 0.644013 0.560054 0.919271 0.068689 0.542543 0.168960 0.217105 0.304582 0.389134 0.212469 0.155985 0.459305 0.361624 0.523204 0.225184 0.041752 0.211823 0.555898 0.326000 0.269659 0.212678 0.374786 0.302249 0.518031 0.252522 1.000000 0.320000 0.398000 0.444000 0.016000 0.576564 0.559226 0.153101 0.321394 0.514563 0.454545 1.000000
0.359320 0.681102 0.158700 0.949571 0.376696 0.831019 0.543989 0.771534 0.343447 0.451466 0.687336 0.445644 0.720690 0.780754 0.644013 0.560054 0.919271 0.068689 0.193611 0.207407 0.180230 0.304582 0.389134 0.212469 0.155985 0.506991 0.361624 0.602750 0.239819 0.041752 0.181023 0.603158 0.326000 0.000000 0.254603 0.072000 0.219000 0.034000 0.029000 1.000000 0.320000 0.398000 0.444000 0.016000 0.481967 0.564096 0.153101 0.319475 0.514563 0.454545 1.000000
0.789298 0.487048 0.110309 0.395952 0.367476 0.746422 0.645325 0.732305 0.389929 0.637388 0.690113 0.515726 0.496552 0.471230 0.268608 0.454791 0.597871 0.366924 0.512713 0.204524 0.118421 0.555817 0.364839 0.378257 0.206811 0.527439 0.350473 0.558020 0.212860 0.039020 0.192118 0.637623 0.137000 0.298116 0.308000 0.248424 0.246000 0.044000 0.423000 0.846000 0.481865 0.504921 0.541000 0.326029 0.565645 0.315508 0.713178 0.131413 0.702265 0.681818 1.000000
0.652174 0.267717 0.045050 0.602734 0.279693 0.783825 0.634165 0.726407 0.454487 0.637785 0.788321 0.478762 0.586207 0.664683 0.527392 0.481781 0.503906 0.216860 0.494676 0.197928 0.098684 0.517520 0.268895 0.476737 0.053204 0.486887 0.319266 0.564205 0.246666 0.043726 0.059113 0.685864 0.355303 0.301097 0.143000 0.243000 0.166000 0.504000 0.259000 0.982000 1.000000 0.416000 0.614000 0.183000 0.579473 0.283422 0.647287 0.069458 0.527508 0.621158 1.000000
0.374582 0.322835 0.078946 0.550156 0.432934 0.750168 0.491018 0.524047 0.452670 0.618875 0.616457 0.442045 0.455172 0.579303 0.507012 0.597841 0.606502 0.134224 0.849952 0.269805 0.110406 0.405660 0.194658 0.409655 0.174123 0.501524 0.431384 0.300915 0.291360 0.025602 0.064039 0.607330 0.313000 0.295000 0.960000 0.312175 0.426871 0.451209 0.492000 1.000000 0.372000 0.524666 0.538236 0.980000 0.508197 0.508021 0.277132 0.321394 0.693864 0.681818 1.000000
0.448161 0.543541 0.069107 0.950310 0.285500 0.990387 0.749424 0.798094 0.599096 1.000000 0.707923 0.601872 0.487931 0.685516 0.523608 0.456140 0.625266 0.113299 0.572120 0.169059 0.191733 0.289757 0.447491 0.257759 0.169357 0.515244 0.375043 0.586933 0.172137 0.028851 0.187192 0.518325 0.046000 0.000000 0.219214 0.316111 0.076000 0.304000 0.013000 0.335000 0.560218 0.438764 0.698000 0.027000 0.566402 0.572192 0.158915 0.285972 0.605178 0.681818 1.000000
0.317726 0.534914 0.079013 0.519208 0.376733 0.786816 0.472133 0.749546 0.612008 0.616287 0.839416 0.550036 0.749138 0.586408 0.700108 0.882591 0.631210 0.062651 0.327202 0.162328 0.217105 0.582210 0.510771 0.139888 0.026602 0.503049 0.430600 0.684888 0.164635 0.023870 0.098555 0.584262 0.475000 0.002000 0.355000 0.401697 0.343059 0.082000 0.278924 0.725141 0.682916 0.826000 1.000000 0.256254 0.773771 0.609626 0.486434 0.379477 0.669903 0.636364 1.000000
0.371237 0.514931 0.108683 0.550380 0.612589 0.787819 0.627340 0.886116 0.444435 0.668000 0.524884 0.536847 0.844828 0.451389 0.735707 0.562753 0.381510 0.072798 0.527597 0.210819 0.181274 0.547408 0.175193 0.253877 0.308343 0.283537 0.231768 0.544175 0.241842 0.052582 0.182374 0.608014 0.741000 0.141000 0.609000 0.142000 0.339000 0.138000 0.260209 0.775000 0.218000 0.460000 0.472352 0.217307 0.567387 0.593583 0.492817 0.321394 0.346278 0.454545 1.000000
0.178310 0.610236 0.082718 0.385636 0.494254 0.543687 0.468908 0.432396 0.000000 0.674296 0.693816 0.650828 0.549680 0.158730 0.000000 0.548117 0.572934 0.009518 0.459361 0.123991 0.210526 0.656334 0.028321 0.145006 0.195889 0.287215 0.076013 0.324403 0.872204 0.389086 0.039409 0.104712 0.000000 0.195000 0.030000 0.737000 0.000000 0.501000 0.205105 0.000000 0.491365 0.258376 1.000000 -0.001661 0.819672 0.935829 0.436047 0.161216 0.456311 0.545455 1.000000
0.290970 0.366142 0.120175 0.511397 0.242975 0.678274 0.631278 0.838929 0.435102 0.691054 0.698739 0.611231 0.592032 0.488448 0.462804 0.388664 0.569738 0.040841 0.114230 0.134973 0.210526 0.513169 0.256870 0.181297 0.042322 0.687500 0.293508 0.480333 0.147756 0.032857 0.039409 0.544503 0.076000 0.137000 0.218671 0.350000 0.123000 0.569000 0.197361 0.672000 0.336984 0.001000 0.289000 0.115178 0.268852 0.481283 0.491865 0.285472 0.372168 0.594157 1.000000
0.234114 0.307087 0.000701 0.492229 0.282690 0.692587 0.545371 0.649728 0.398967 0.603471 0.644326 0.411807 0.563184 0.559834 0.539374 0.715250 0.846354 0.051437 0.495850 0.285947 0.114313 0.560647 0.427925 0.564826 0.215719 0.628338 0.390566 0.461530 0.186432 0.038437 0.182266 0.732984 0.355476 0.034000 0.295153 0.175710 0.121000 0.053000 0.065000 0.472000 0.143000 0.517044 0.319729 1.000000 0.390164 0.390374 0.325581 0.457164 0.530744 0.727273 1.000000
0.528428 0.629921 0.084981 0.554070 0.333833 0.765857 0.623349 0.763629 0.454625 0.639946 0.666802 0.521517 0.492241 0.385913 0.515377 0.377868 0.490885 0.107698 0.520518 0.304743 0.126798 0.510782 0.402908 0.359257 0.062878 0.635671 0.496729 0.750820 0.178969 0.026169 0.280788 0.633101 0.030000 0.314499 0.319000 0.238000 0.686000 0.530000 0.853000 0.594459 0.121000 0.509476 0.721000 0.344791 0.426230 0.473835 0.542636 0.330157 0.404531 0.500000 1.000000
0.404682 0.405512 0.287924 0.707809 0.381483 0.900021 0.783510 0.776258 0.485474 0.648860 0.687369 0.540716 0.842241 0.707341 0.480043 0.385965 0.625865 0.066523 0.804453 0.210566 0.125000 0.040431 0.660257 0.378257 0.176853 0.673781 0.375939 0.751175 0.101808 0.075329 0.103107 0.586704 0.016000 0.300485 0.250515 0.851000 0.469000 1.000000 0.237000 0.051000 0.661607 0.005000 0.626135 0.016000 0.465574 0.510717 0.536822 0.311020 0.611650 0.590909 1.000000
1.000000 0.157480 0.030501 0.432519 0.343200 0.729331 0.647167 0.786298 0.471272 0.672313 0.651056 0.647948 0.578448 0.524802 0.158576 0.268556 0.464844 0.465539 0.550823 0.206689 0.128880 0.551787 0.290653 0.652916 0.081016 0.538110 0.452247 0.374617 0.175887 0.033146 0.185860 0.623037 0.340000 0.009000 0.882000 0.174000 0.160000 0.152000 0.276252 0.965000 0.102000 0.765000 0.246000 0.405114 0.268852 0.262032 0.426435 0.565586 0.563107 0.500000 1.000000
0.381200 0.381890 0.085359 0.458623 0.347667 0.665029 0.309074 0.602541 0.402071 0.724430 0.753816 0.534197 0.725862 0.357143 0.275081 0.600540 0.536004 0.003634 0.492412 0.282888 0.140208 0.195418 0.333834 0.372984 0.209829 0.498476 0.348985 0.593469 0.237508 0.040876 0.261084 0.654450 0.274479 0.160000 0.094000 0.094000 0.192000 0.008000 0.230495 0.318000 0.241843 0.523000 0.251000 1.000000 0.629508 0.475936 0.253876 0.379477 0.724919 0.454545 1.000000
0.157191 0.488189 0.047368 0.916474 0.381604 0.779945 0.444035 0.665608 0.479019 0.757003 1.000000 0.908567 0.653919 0.263889 0.508872 0.606911 0.664588 0.018036 0.477251 0.191147 0.335526 0.000000 0.216695 0.163746 0.000000 0.373048 0.250981 0.379840 0.250100 0.225316 0.146410 0.523560 0.222000 0.206000 0.153518 0.451000 0.151042 0.488704 0.172000 0.636572 1.000000 0.033000 0.553738 0.000000 0.536322 0.685257 0.542288 0.210310 0.582524 0.909091 1.000000
0.364276 0.499486 0.112845 0.384294 0.374688 0.761589 0.618079 0.768810 0.435765 0.695114 0.719310 0.550756 0.696552 0.621032 0.506299 0.354926 0.393229 0.068628 0.516825 0.212589 0.085526 0.538380 0.261160 0.424938 0.252721 0.475610 0.249589 0.568726 0.194240 0.035189 0.179286 0.560209 0.396000 0.264068 0.979000 0.210786 0.229000 0.348588 0.033000 0.611000 0.073000 0.493659 0.381000 0.055000 0.691803 0.551133 0.515504 0.240077 0.585761 0.500000 1.000000
0.384615 0.598425 0.199386 0.371685 0.307081 0.744924 0.609377 0.779038 0.307295 0.588925 0.445255 0.504680 1.000000 0.628968 0.691478 0.719298 0.579427 0.060474 0.488867 0.381538 0.164474 0.565717 0.477861 0.439005 0.408706 0.628635 0.436443 0.588806 0.127261 0.019714 0.197044 0.690925 0.268000 0.009000 0.039000 0.296000 0.545000 0.495000 0.368000 0.004000 0.112000 0.635000 1.000000 0.948000 0.481967 0.385788 0.446445 0.321394 0.722038 0.617271 1.000000
0.382293 0.487649 0.034327 0.134599 0.376920 0.767357 0.647167 0.810345 0.339574 0.770033 0.686131 0.435565 0.627935 0.462302 0.504809 0.279352 0.503906 0.260103 0.551791 0.158818 0.085526 0.615903 0.383713 0.341889 0.089480 0.527668 0.417519 0.583106 0.196517 0.033240 0.147783 0.633508 0.242142 0.281216 0.186000 0.091000 0.327813 0.538000 0.260067 1.000000 0.128000 0.842000 0.238000 0.271716 0.636066 0.509003 0.352713 0.329319 0.537217 0.590909 1.000000
0.407035 0.511811 0.140001 0.573395 0.329899 0.669515 0.566099 0.734489 0.433280 0.905537 0.638720 0.506839 0.566773 0.563122 0.379720 0.522828 0.541667 0.043927 0.553727 0.217912 0.111717 0.549596 0.437667 0.497364 0.225922 0.519817 0.260368 0.576928 0.183693 0.032582 0.039409 0.591623 0.837000 0.305577 0.661000 0.196394 0.491000 0.263021 0.071000 0.156000 0.206000 0.149000 0.389000 0.260000 0.514754 0.224599 0.411961 0.362411 0.815534 0.636364 1.000000
0.167224 0.224409 1.000000 0.192202 0.257441 0.644948 0.576231 0.246370 0.329929 0.122476 0.000000 0.000000 0.320690 0.929563 0.389147 0.695007 0.529948 0.199608 0.408519 0.370714 0.164474 0.688679 0.425726 0.482303 0.155985 0.826219 0.512238 0.552659 0.074079 0.012826 0.064039 0.735114 1.000000 0.000000 0.299000 0.084000 0.329001 0.630000 0.000000 0.001000 0.000000 0.467743 0.111000 0.492560 0.331148 0.802139 0.680233 0.329416 0.772088 0.590909 1.000000
0.284281 0.507874 0.165736 0.270977 0.392220 0.666311 0.780286 0.687840 0.462234 0.724430 0.589914 0.516036 0.138793 0.223214 0.255663 0.555749 0.539489 0.044626 0.624395 0.109096 0.151316 0.516173 0.219831 0.192430 0.171705 0.347561 0.183288 0.315771 0.394910 0.119001 0.108374 0.515721 0.103000 0.000000 1.000000 0.000000 0.174775 0.231669 0.198686 0.227000 0.000000 0.273000 0.000000 0.024000 0.461722 0.669043 0.589147 0.185624 0.362460 0.572934 1.000000
0.300392 0.889764 0.076526 0.739222 0.600412 0.861995 0.935514 0.785984 0.371853 0.489251 0.693431 0.575516 0.615517 0.987103 0.728155 0.589744 1.000000 0.000763 0.563241 0.014570 0.710526 0.557243 0.083563 0.217577 0.238210 0.384379 0.109129 0.431635 0.460951 0.215634 0.100195 0.466595 0.274304 0.000000 0.171000 0.090000 0.407000 0.540839 0.460000 0.746926 0.484000 0.547000 0.006000 0.153133 0.573480 0.689840 0.563953 0.457164 0.336570 0.409091 1.000000
0.344083 0.322835 0.055181 0.487161 0.364221 0.747928 0.610534 0.843013 0.458360 0.651896 0.679822 0.639309 0.596257 0.541077 0.477864 0.673414 0.558494 0.078706 0.502687 0.304102 0.197903 0.504043 0.163694 0.295285 0.066505 0.539839 0.398276 0.162158 0.214066 0.061599 0.196114 0.633549 0.165881 0.256000 0.312000 0.177000 0.114000 0.106000 0.407000 0.037000 0.259651 0.498822 0.261471 0.739000 0.386885 0.570384 0.441575 0.077202 0.517799 0.681818 1.000000
0.321070 0.405512 0.088969 0.163356 0.279246 0.766930 0.581508 0.797187 0.553260 0.564169 0.573325 0.434125 0.558621 0.500992 0.393743 0.507422 0.548177 0.092046 0.530349 0.313142 0.092105 0.504043 0.482922 0.336849 0.081016 0.600610 0.451207 0.596767 0.159009 0.026627 0.151045 0.685070 0.520528 0.526000 0.672000 0.296000 0.424000 0.568000 0.326121 0.900000 0.853000 1.000000 0.949000 0.455009 0.626230 0.390374 0.259690 0.378253 0.770227 0.590909 1.000000
0.471572 0.471851 0.141415 0.259381 0.434994 0.753685 0.614109 0.784936 0.429955 0.633116 0.662355 0.511259 0.571552 0.621032 0.444444 0.627530 0.586469 0.127036 0.412391 0.256831 0.138452 0.866577 0.467880 0.165788 0.187424 0.443598 0.361709 0.634215 0.209559 0.028384 0.167488 0.596859 0.260000 0.636000 0.283669 0.120000 0.062000 0.055000 0.042000 0.227000 1.000000 0.525604 0.407460 0.587000 0.563829 0.347594 0.430233 0.351471 0.679612 0.409091 1.000000
0.076923 0.511811 0.153601 0.885889 0.291291 0.741430 0.597780 0.613884 0.402841 0.682085 0.618447 0.515537 0.577259 0.642857 0.513179 0.797571 0.783854 0.004457 0.324298 0.342002 0.125000 0.447439 0.654782 0.279777 0.280532 0.658537 0.563133 0.749175 0.163338 0.017340 0.181292 0.748691 0.856000 0.015000 0.384226 0.167000 0.422000 0.451417 0.227000 0.529739 0.484105 0.545098 0.151000 1.000000 0.550820 0.593583 0.427794 0.565586 0.579288 0.545455 1.000000
0.324415 0.169291 0.137145 0.535704 0.201386 0.773519 0.661907 0.792196 0.510006 0.653778 0.694094 0.667387 0.543966 0.845238 0.636462 0.553711 0.641927 0.088818 0.516230 0.279858 0.164887 0.539084 0.602001 0.328540 0.107618 0.762195 0.599453 0.582979 0.226179 0.012293 0.182611 0.626674 0.013000 0.273770 0.173000 0.031000 0.001000 0.051000 0.526000 1.000000 0.052000 0.618000 0.015000 0.000000 0.562895 0.534759 0.470996 0.330534 0.573094 0.772727 1.000000
0.280936 0.598425 0.125346 0.916446 0.379279 0.856441 0.572547 0.757432 0.433949 0.547883 0.747843 0.670986 0.632653 0.753968 0.831715 0.531714 0.601562 0.046535 0.171346 0.096982 0.157895 0.416442 0.379274 0.264689 0.156009 0.454268 0.345240 0.583426 0.217281 0.076416 0.206897 0.513089 0.000000 0.396000 0.262413 0.048000 0.253149 0.012000 0.135000 0.008000 1.000000 0.388000 0.003000 0.166000 0.436066 0.620513 0.529070 0.055905 0.423948 0.636364 1.000000
0.386736 0.267717 0.045050 0.555834 0.279693 0.659474 0.622379 0.774875 0.454487 0.637785 0.788321 0.478762 0.650652 0.664683 0.375405 0.481781 0.610612 0.081896 0.494676 0.231207 0.144210 0.517520 0.372685 0.476737 0.053204 0.679878 0.398444 0.368422 0.202143 0.043726 0.059113 0.685864 0.134000 0.291898 0.242333 0.290458 0.166000 0.432641 0.259000 0.602939 1.000000 0.495683 0.614000 0.183000 0.568506 0.283422 0.647287 0.312531 0.527508 0.590909 1.000000
0.403059 0.477738 0.097268 0.379742 0.336081 0.759714 0.571626 0.805354 0.446826 0.747883 0.660661 0.526998 0.582759 0.420635 0.891046 0.873144 0.791667 0.027146 0.512090 0.286221 0.072368 0.557103 0.909077 0.399038 0.214521 0.558731 0.762745 0.579889 0.081581 0.032925 0.167416 0.654450 0.025000 0.304790 0.008000 0.000000 0.260000 0.032000 0.028000 0.409000 0.168000 1.000000 0.450684 0.108000 0.566654 0.406417 0.454469 0.457164 0.766990 0.608753 1.000000
0.360935 0.482427 0.150132 0.362013 0.313975 0.843623 0.610818 0.578040 0.479664 0.553746 0.538819 0.752340 0.623395 0.787698 0.572816 0.719298 0.662760 0.015024 0.507936 0.221972 0.276316 0.510782 0.444377 0.316420 0.094317 0.602134 0.431095 0.577453 0.226499 0.033515 0.290640 0.624855 0.180509 0.014000 0.265388 0.021000 0.133000 0.167000 0.233278 0.748000 0.111000 0.507017 0.003000 0.224000 0.491803 0.577540 0.459146 0.379477 0.563514 0.681818 1.000000
