0.196000 0.530000 7.854000 135.699000 2.444000 -0.002000 0.259000 0.123000 0.145000 0.054000 0.018000 0.017000 -0.074000 -0.026000 0.083000 -0.119000 -0.022000 687.145000 0.007000 1293.989000 0.020000 -0.156000 8751.922000 4.009000 0.450000 0.484000 3419.904000 4122.710000 1.318000 3.521000 0.082000 0.906000 1.000000 0.409000 0.951000 0.281000 0.439000 0.378000 0.156000 0.673000 0.184000 0.807000 0.699000 0.383000 0.339000 0.172000 -0.212000 0.841000 0.833000 0.965000 0.000000
0.196000 0.530000 7.854000 135.699000 2.444000 -0.002000 0.259000 0.123000 0.145000 0.054000 0.018000 0.017000 -0.074000 -0.026000 0.083000 -0.119000 -0.022000 687.145000 0.007000 1293.989000 0.020000 -0.156000 8751.922000 4.009000 0.450000 0.484000 3419.904000 4122.710000 1.318000 3.521000 0.082000 0.906000 1.000000 0.409000 0.951000 0.281000 0.439000 0.378000 0.156000 0.673000 0.184000 0.807000 0.699000 0.383000 0.339000 0.172000 -0.212000 0.841000 0.833000 0.965000 0.000000
0.115000 0.549000 8.757000 107.555000 1.935000 -0.288000 1.134000 0.153000 0.119000 0.020000 0.059000 0.127000 -0.012000 0.121000 0.158000 0.139000 0.058000 369.749000 0.095000 1149.428000 0.022000 -0.092000 4054.404000 4.444000 0.404000 0.496000 2099.128000 2284.610000 1.699000 6.169000 0.025000 0.882000 0.420000 0.280000 0.442000 1.000000 0.629000 0.883000 0.281000 0.544000 0.538000 0.465000 0.440000 0.614000 0.436000 0.186000 0.060000 1.922000 0.842000 0.966000 0.000000
0.284000 0.621000 8.827000 98.011000 1.494000 0.450000 0.202000 0.201000 0.251000 -0.044000 0.014000 0.037000 -0.006000 0.125000 0.230000 0.107000 0.114000 1421.176000 -0.052000 2129.236000 0.020000 0.136000 11508.298000 3.809000 0.746000 0.668000 5326.379000 4708.171000 0.505000 1.930000 0.176000 0.932000 0.392000 0.129000 0.270000 0.060000 0.203000 0.084000 0.020000 0.132000 0.326000 1.000000 0.332000 0.142000 0.310000 0.147000 0.153000 3.364000 0.838000 0.969000 0.000000
0.133000 0.534000 7.576000 164.250000 1.137000 -0.152000 0.631000 -0.361000 0.442000 -0.086000 -0.041000 0.291000 -0.147000 0.029000 0.037000 -0.030000 0.009000 767.316000 0.050000 2149.150000 0.029000 0.058000 5761.330000 3.174000 0.462000 0.670000 3166.474000 2719.708000 1.341000 4.852000 0.036000 0.910000 0.603000 0.068000 0.038000 0.129000 0.338000 1.000000 0.839000 0.210000 0.186000 0.331000 0.083000 0.875000 0.378000 0.201000 -0.022000 1.682000 0.812000 0.965000 0.000000
0.215000 0.573000 6.649000 130.331000 2.316000 0.065000 0.480000 -0.000000 0.141000 0.068000 -0.006000 -0.051000 0.026000 0.137000 0.041000 0.072000 0.031000 1041.674000 0.236000 1197.582000 0.031000 0.038000 6381.083000 3.742000 0.436000 0.470000 2760.396000 3205.971000 1.449000 4.127000 0.037000 0.893000 0.633000 0.537000 0.259000 0.496000 1.000000 0.786000 0.112000 0.260000 0.365000 0.212000 0.293000 0.233000 0.346000 0.170000 -0.140000 1.121000 0.824000 0.970000 0.000000
0.168000 0.604000 7.628000 192.277000 1.894000 0.215000 0.269000 0.089000 0.100000 0.019000 -0.001000 0.088000 0.135000 0.206000 0.066000 -0.077000 -0.004000 459.201000 0.320000 1584.477000 0.025000 0.049000 8340.983000 2.005000 0.602000 0.530000 3493.217000 3815.170000 1.083000 3.029000 0.082000 0.910000 0.257000 0.061000 0.359000 0.166000 0.458000 0.348000 0.138000 0.319000 0.501000 1.000000 0.190000 0.132000 0.378000 0.177000 -0.040000 1.495000 0.803000 0.972000 0.000000
0.079000 0.533000 5.374000 102.022000 1.509000 -0.439000 0.612000 -0.550000 0.156000 -0.068000 0.082000 -0.152000 -0.001000 0.203000 0.096000 0.031000 0.047000 371.021000 0.041000 1958.833000 0.023000 0.010000 4198.028000 4.744000 0.414000 0.575000 2361.071000 2001.519000 1.309000 5.334000 0.015000 0.892000 0.700000 0.615000 1.000000 0.372000 0.593000 0.259000 0.135000 0.307000 0.334000 0.900000 0.581000 0.467000 0.319000 0.143000 0.110000 0.897000 0.821000 0.967000 0.000000
0.239000 0.497000 8.529000 105.939000 1.795000 0.411000 0.117000 -0.137000 0.225000 -0.356000 0.113000 0.016000 -0.050000 0.111000 0.023000 0.209000 0.033000 1998.171000 0.135000 1570.523000 0.024000 0.078000 8089.503000 3.809000 0.429000 0.587000 3750.208000 3712.744000 1.084000 3.474000 0.138000 0.921000 1.000000 0.344000 0.316000 0.617000 0.179000 0.949000 0.071000 0.563000 0.881000 0.348000 0.691000 0.165000 0.339000 0.162000 -0.044000 2.691000 0.818000 0.969000 0.000000
0.065000 0.537000 6.709000 96.860000 1.980000 0.156000 0.525000 -0.075000 -0.059000 0.079000 0.449000 0.304000 -0.034000 -0.095000 0.058000 -0.193000 -0.198000 88.295000 0.153000 1429.326000 0.027000 0.101000 8577.890000 4.210000 0.353000 0.547000 3572.647000 4008.798000 1.232000 3.429000 0.079000 0.913000 0.082000 0.342000 0.198000 0.250000 0.347000 0.117000 0.358000 0.174000 1.000000 0.597000 0.360000 0.266000 0.364000 0.170000 -0.159000 0.792000 0.833000 0.969000 0.000000
0.077000 0.552000 7.346000 189.398000 2.332000 0.214000 0.324000 0.190000 0.076000 0.083000 0.183000 0.062000 0.029000 0.061000 0.062000 -0.007000 -0.002000 226.424000 0.064000 1425.525000 0.027000 0.027000 6821.609000 4.533000 0.546000 0.478000 2965.568000 3525.748000 1.514000 4.507000 0.062000 0.903000 0.541000 0.741000 0.937000 0.379000 1.000000 0.761000 0.345000 0.692000 0.649000 0.996000 0.902000 0.439000 0.333000 0.153000 -0.002000 1.346000 0.818000 0.971000 0.000000
0.222000 0.565000 7.911000 101.969000 2.051000 0.069000 0.304000 0.034000 -0.006000 -0.010000 -0.106000 0.136000 -0.088000 0.019000 0.240000 0.153000 0.154000 1276.603000 0.236000 1271.927000 0.031000 -0.002000 8627.202000 3.241000 0.479000 0.547000 3667.552000 4141.886000 1.298000 3.589000 0.082000 0.914000 0.745000 0.078000 0.506000 0.156000 0.039000 0.120000 0.019000 0.481000 0.353000 0.763000 1.000000 0.595000 0.349000 0.163000 -0.154000 0.897000 0.843000 0.968000 0.000000
0.132000 0.537000 6.849000 193.967000 1.509000 0.156000 -0.071000 0.176000 0.379000 0.075000 0.074000 -0.109000 0.054000 0.142000 0.150000 -0.041000 -0.042000 539.472000 0.171000 2049.163000 0.024000 -0.165000 9331.636000 4.210000 0.460000 0.611000 4248.857000 4172.776000 0.966000 2.914000 0.091000 0.927000 0.294000 0.124000 0.332000 0.052000 0.695000 0.449000 0.056000 0.353000 0.395000 1.000000 0.524000 0.773000 0.332000 0.161000 -0.053000 2.243000 0.829000 0.967000 0.000000
0.112000 0.631000 9.247000 108.028000 1.418000 -0.533000 0.279000 -0.243000 0.078000 -0.029000 -0.036000 0.139000 0.036000 0.136000 0.150000 0.039000 0.012000 203.745000 -0.044000 1552.391000 0.030000 0.075000 6513.962000 2.907000 0.758000 0.580000 2969.485000 2868.283000 1.085000 3.156000 0.019000 0.899000 0.329000 0.265000 0.313000 0.129000 0.936000 0.131000 0.057000 0.474000 0.437000 1.000000 0.387000 0.379000 0.314000 0.162000 0.175000 0.449000 0.823000 0.963000 0.000000
0.108000 0.573000 6.770000 79.967000 2.263000 -0.564000 0.622000 0.073000 0.252000 0.026000 0.009000 -0.103000 -0.047000 -0.034000 0.030000 0.033000 0.058000 389.512000 0.006000 1254.877000 0.029000 0.095000 4223.431000 3.809000 0.328000 0.492000 2264.818000 2417.838000 1.957000 7.143000 0.027000 0.887000 0.805000 1.000000 0.089000 0.016000 0.611000 0.850000 0.523000 0.727000 0.113000 0.210000 0.158000 0.635000 0.384000 0.163000 -0.033000 2.691000 0.851000 0.970000 0.000000
0.167000 0.582000 7.888000 189.594000 2.189000 0.420000 0.440000 0.148000 0.540000 0.215000 -0.003000 0.004000 0.050000 0.128000 -0.033000 0.116000 0.183000 781.934000 -0.236000 1054.986000 0.020000 -0.188000 7602.524000 3.775000 0.653000 0.460000 3091.534000 3786.926000 1.376000 3.909000 0.062000 0.897000 0.458000 0.268000 0.408000 0.338000 0.135000 0.248000 0.204000 0.761000 1.000000 0.580000 0.412000 0.472000 0.339000 0.154000 -0.070000 1.682000 0.851000 0.965000 0.000000
0.168000 0.473000 6.334000 94.380000 2.127000 0.420000 0.953000 0.282000 0.286000 0.204000 -0.407000 0.096000 -0.213000 -0.194000 0.039000 0.088000 0.220000 404.469000 0.007000 1045.911000 0.022000 0.007000 7892.697000 5.279000 0.128000 0.501000 3342.102000 4038.557000 1.382000 3.882000 0.066000 0.899000 0.177000 0.007000 0.432000 0.087000 0.006000 0.006000 0.013000 0.257000 0.106000 1.000000 0.502000 0.138000 0.338000 0.167000 -0.098000 0.961000 0.799000 0.968000 0.000000
0.151000 0.578000 7.055000 144.526000 2.056000 -0.100000 0.442000 -0.121000 0.085000 -0.271000 0.398000 0.105000 -0.062000 -0.067000 0.085000 0.044000 -0.332000 395.602000 0.062000 1198.897000 0.023000 0.120000 7037.614000 2.305000 0.371000 0.509000 2998.592000 3525.256000 1.481000 4.318000 0.046000 0.899000 0.255000 0.278000 0.554000 0.122000 1.000000 0.351000 0.952000 0.712000 0.287000 0.774000 0.424000 0.720000 0.396000 0.184000 0.082000 2.243000 0.829000 0.967000 0.000000
0.250000 0.629000 10.962000 117.015000 2.292000 -0.017000 -0.082000 0.361000 -0.065000 -0.093000 0.128000 0.168000 -0.144000 -0.055000 -0.047000 -0.113000 -0.033000 761.875000 -0.079000 1487.037000 0.052000 0.189000 9992.310000 2.406000 0.856000 0.577000 4313.515000 4418.882000 0.873000 2.477000 0.096000 0.925000 0.411000 0.179000 0.218000 0.399000 0.357000 0.787000 0.442000 0.778000 1.000000 0.386000 0.495000 0.381000 0.396000 0.186000 -0.104000 4.486000 0.827000 0.967000 0.000000
0.117000 0.561000 6.039000 150.534000 1.974000 0.514000 0.462000 0.068000 0.181000 0.022000 -0.089000 0.084000 -0.066000 0.237000 0.181000 -0.018000 -0.040000 406.817000 0.087000 1672.309000 0.029000 -0.103000 7616.067000 4.377000 0.533000 0.526000 3348.079000 3720.356000 1.263000 3.652000 0.053000 0.910000 0.628000 0.336000 0.703000 0.548000 0.404000 0.510000 0.284000 1.000000 0.779000 0.477000 0.735000 0.518000 0.332000 0.143000 -0.051000 0.961000 0.831000 0.968000 0.000000
0.108000 0.480000 5.592000 147.388000 1.756000 -1.048000 1.026000 -0.697000 0.161000 0.133000 -0.069000 -0.015000 0.341000 -0.041000 0.131000 0.059000 0.111000 634.230000 0.000000 1870.668000 0.019000 0.163000 3379.409000 4.611000 0.341000 0.598000 2063.710000 1477.970000 0.921000 4.985000 0.006000 0.874000 1.000000 0.800000 0.541000 0.550000 0.153000 0.534000 0.187000 0.580000 0.251000 0.533000 0.367000 0.761000 0.386000 0.176000 0.071000 2.243000 0.827000 0.966000 0.000000
0.065000 0.537000 6.668000 122.192000 1.920000 -0.410000 0.415000 -0.102000 0.255000 -0.053000 -0.146000 -0.202000 -0.213000 -0.233000 0.025000 0.252000 0.277000 122.245000 0.056000 1908.482000 0.031000 0.102000 7936.331000 3.608000 0.230000 0.602000 3677.868000 3957.747000 1.453000 4.128000 0.068000 0.914000 1.000000 0.559000 0.595000 0.010000 0.262000 0.063000 0.188000 0.550000 0.060000 0.501000 0.884000 0.750000 0.405000 0.217000 -0.178000 1.922000 0.795000 0.967000 0.000000
0.086000 0.614000 7.241000 133.204000 1.075000 -0.089000 0.415000 0.163000 0.374000 0.073000 0.088000 -0.118000 -0.020000 0.042000 0.010000 0.049000 0.058000 416.606000 0.101000 2661.708000 0.033000 0.223000 6038.591000 2.740000 0.375000 0.663000 3196.204000 2601.511000 0.858000 2.968000 0.013000 0.913000 0.605000 0.238000 0.456000 0.502000 0.634000 0.835000 1.000000 0.637000 0.461000 0.921000 0.832000 0.819000 0.348000 0.174000 0.025000 2.243000 0.851000 0.966000 0.000000
0.155000 0.481000 7.382000 102.870000 1.231000 -0.166000 0.580000 -0.287000 0.386000 -0.157000 0.032000 0.158000 -0.139000 0.081000 0.011000 -0.019000 -0.022000 1639.517000 -0.304000 2364.027000 0.026000 0.156000 6082.583000 4.477000 0.403000 0.668000 3241.032000 2811.415000 1.287000 4.491000 0.039000 0.916000 0.610000 0.531000 0.525000 0.624000 0.904000 0.758000 0.867000 1.000000 0.780000 0.847000 0.497000 0.745000 0.343000 0.150000 0.089000 3.364000 0.841000 0.968000 0.000000
0.282000 0.517000 5.832000 146.351000 1.780000 -0.170000 0.253000 -0.074000 -0.099000 -0.079000 -0.141000 0.081000 0.101000 0.044000 -0.132000 -0.066000 -0.082000 3236.050000 -0.264000 1617.045000 0.025000 0.046000 6505.025000 4.243000 0.576000 0.558000 3052.332000 3145.186000 1.363000 4.254000 0.063000 0.911000 0.197000 0.023000 0.239000 0.016000 0.208000 0.030000 0.030000 0.292000 0.183000 1.000000 0.170000 0.186000 0.295000 0.153000 0.113000 0.641000 0.761000 0.969000 0.000000
0.210000 0.566000 6.750000 165.889000 2.450000 -0.262000 0.641000 -0.182000 0.138000 -0.078000 0.137000 0.147000 -0.108000 0.065000 -0.196000 -0.386000 -0.084000 830.228000 0.282000 1049.324000 0.028000 -0.021000 5842.942000 3.040000 0.509000 0.458000 2718.996000 3475.235000 1.836000 5.646000 0.047000 0.890000 0.142000 0.155000 0.881000 0.247000 0.017000 0.014000 0.104000 0.870000 0.704000 0.918000 1.000000 0.408000 0.335000 0.176000 -0.126000 1.682000 0.798000 0.970000 0.000000
0.173000 0.612000 7.864000 98.875000 2.575000 -0.022000 0.303000 0.198000 0.193000 0.032000 -0.064000 0.035000 0.156000 0.230000 0.166000 0.073000 0.111000 461.348000 0.350000 1004.217000 0.030000 0.111000 4722.227000 2.075000 0.808000 0.368000 1996.294000 2509.004000 1.661000 5.071000 0.020000 0.868000 0.277000 0.355000 0.473000 0.167000 0.278000 0.139000 0.176000 0.478000 0.610000 1.000000 0.486000 0.281000 0.354000 0.189000 -0.042000 1.682000 0.803000 0.973000 0.000000
0.270000 0.455000 8.767000 122.054000 2.558000 0.491000 0.913000 0.234000 -0.011000 -0.173000 0.062000 -0.005000 -0.124000 -0.250000 0.208000 -0.067000 0.059000 1416.836000 -0.057000 1189.739000 0.022000 0.052000 9069.979000 4.744000 0.309000 0.461000 3208.703000 4078.109000 1.407000 3.740000 0.068000 0.891000 0.298000 0.759000 0.176000 0.138000 0.172000 0.080000 0.549000 0.369000 0.599000 0.894000 0.440000 1.000000 0.357000 0.191000 -0.089000 2.243000 0.802000 0.963000 0.000000
0.136000 0.623000 7.027000 127.447000 1.418000 -0.320000 0.248000 -0.034000 0.244000 0.087000 0.157000 0.316000 -0.037000 0.005000 -0.002000 -0.012000 0.095000 891.420000 0.001000 2509.138000 0.026000 -0.051000 6432.960000 3.274000 0.373000 0.639000 3185.191000 2777.493000 1.065000 3.357000 0.030000 0.915000 0.189000 0.095000 0.578000 0.359000 0.064000 0.279000 0.531000 0.604000 1.000000 0.628000 0.145000 0.375000 0.290000 0.132000 0.038000 0.792000 0.847000 0.966000 0.000000
0.162000 0.532000 6.451000 107.845000 1.571000 0.073000 0.354000 0.074000 0.069000 -0.138000 -0.054000 0.033000 -0.093000 0.131000 0.148000 0.129000 0.112000 854.994000 0.135000 2139.093000 0.027000 0.026000 9771.027000 3.475000 0.562000 0.615000 4147.880000 4063.239000 0.821000 2.352000 0.043000 0.923000 0.458000 0.468000 0.338000 0.185000 0.197000 0.014000 0.261000 0.197000 0.509000 0.608000 0.390000 1.000000 0.345000 0.165000 -0.167000 1.922000 0.824000 0.972000 0.000000
0.065000 0.512000 17.320000 187.701000 3.364000 -0.870000 1.301000 -0.052000 -0.069000 0.359000 -0.070000 0.728000 -0.573000 0.407000 -0.366000 -0.125000 -0.058000 115.269000 -0.102000 1022.217000 0.024000 0.117000 7589.613000 3.575000 0.256000 0.448000 2732.569000 3560.454000 1.589000 4.321000 0.053000 0.883000 0.142000 0.003000 0.825000 0.198000 0.051000 0.000000 0.171000 0.499000 0.038000 1.000000 0.675000 0.021000 0.318000 0.153000 -0.116000 2.243000 0.818000 0.969000 0.000000
0.090000 0.541000 7.730000 128.829000 2.484000 -0.537000 0.435000 0.123000 0.244000 0.013000 -0.024000 -0.168000 -0.019000 0.118000 0.079000 0.111000 0.038000 247.138000 0.146000 1159.768000 0.030000 0.175000 4064.750000 4.176000 0.276000 0.442000 2141.690000 2412.941000 2.084000 7.690000 0.029000 0.883000 0.943000 0.122000 0.390000 0.051000 0.470000 0.674000 0.795000 1.000000 0.036000 0.243000 0.796000 0.609000 0.401000 0.168000 -0.052000 2.691000 0.856000 0.968000 0.000000
0.122000 0.534000 6.952000 116.554000 1.282000 -0.253000 0.266000 -0.072000 0.235000 -0.144000 0.194000 0.334000 -0.009000 -0.018000 -0.122000 -0.137000 0.007000 1056.306000 0.268000 2449.595000 0.028000 -0.019000 6444.190000 3.976000 0.460000 0.654000 3291.034000 2856.508000 1.111000 3.595000 0.026000 0.917000 0.450000 0.077000 0.087000 0.105000 0.339000 0.717000 0.418000 0.311000 0.491000 0.830000 1.000000 0.859000 0.307000 0.154000 -0.015000 1.495000 0.804000 0.965000 0.000000
0.084000 0.598000 7.982000 140.412000 1.317000 -0.203000 0.347000 0.078000 0.322000 0.038000 0.165000 0.025000 0.048000 0.051000 0.078000 -0.008000 0.054000 369.771000 -0.048000 2374.201000 0.034000 -0.026000 6012.117000 3.375000 0.346000 0.637000 3179.417000 2855.827000 1.259000 4.278000 0.037000 0.914000 0.118000 0.082000 0.132000 0.286000 0.093000 0.986000 0.414000 0.274000 0.452000 1.000000 0.856000 0.757000 0.349000 0.220000 -0.079000 0.841000 0.834000 0.969000 0.000000
0.106000 0.571000 7.245000 131.417000 1.548000 -0.375000 0.633000 -0.270000 0.383000 0.044000 -0.067000 0.277000 -0.113000 0.170000 0.049000 -0.048000 0.081000 444.239000 -0.047000 2115.316000 0.040000 -0.091000 5299.292000 2.639000 0.322000 0.617000 2848.787000 2584.316000 1.463000 5.138000 0.031000 0.905000 0.135000 0.158000 0.377000 0.335000 0.233000 0.250000 0.357000 0.655000 1.000000 0.826000 0.138000 0.163000 0.331000 0.172000 0.097000 2.243000 0.805000 0.969000 0.000000
0.078000 0.614000 6.699000 106.611000 1.384000 0.109000 0.340000 -0.284000 0.254000 -0.123000 0.090000 -0.005000 -0.092000 0.174000 0.255000 -0.054000 0.316000 148.774000 0.120000 1944.963000 0.033000 0.085000 6792.927000 3.308000 0.423000 0.617000 3280.460000 3017.210000 1.031000 3.261000 0.024000 0.911000 0.552000 0.628000 0.933000 0.453000 0.473000 0.120000 0.429000 0.347000 0.438000 0.919000 0.613000 1.000000 0.350000 0.166000 0.036000 1.223000 0.816000 0.968000 0.000000
0.110000 0.449000 16.172000 51.957000 1.995000 -0.384000 0.104000 0.128000 0.453000 0.140000 0.232000 -0.117000 -0.191000 -0.200000 -0.257000 -0.122000 -0.215000 319.039000 -0.449000 1413.374000 0.025000 0.209000 5120.528000 4.778000 0.113000 0.502000 2507.436000 2500.062000 1.455000 4.562000 0.017000 0.889000 0.134000 0.200000 0.523000 0.407000 0.209000 0.152000 0.775000 1.000000 0.105000 0.506000 0.269000 0.378000 0.369000 0.175000 -0.095000 3.364000 0.828000 0.964000 0.000000
0.149000 0.564000 7.667000 132.088000 1.860000 0.651000 0.500000 0.004000 0.143000 -0.185000 -0.032000 0.090000 0.143000 0.082000 0.106000 0.037000 -0.043000 400.770000 0.042000 1783.291000 0.023000 0.106000 10050.307000 3.046000 0.476000 0.542000 4045.517000 4505.061000 1.028000 2.797000 0.075000 0.912000 0.905000 0.823000 0.411000 0.473000 0.770000 1.000000 0.278000 0.650000 0.938000 0.455000 0.665000 0.325000 0.351000 0.197000 -0.007000 0.561000 0.819000 0.964000 0.000000
0.121000 0.565000 9.218000 127.716000 1.704000 -0.016000 0.417000 0.091000 0.157000 -0.144000 -0.120000 0.033000 -0.066000 0.235000 0.022000 0.009000 0.009000 511.221000 -0.114000 2245.658000 0.024000 -0.042000 9805.935000 3.742000 0.496000 0.632000 4340.415000 4199.442000 0.870000 2.497000 0.053000 0.932000 0.845000 0.605000 0.554000 0.928000 0.484000 0.969000 0.520000 1.000000 0.515000 0.299000 0.432000 0.386000 0.323000 0.144000 0.168000 2.691000 0.865000 0.970000 0.000000
0.071000 0.502000 5.093000 132.226000 1.661000 -0.269000 0.503000 -0.277000 -0.033000 -0.275000 0.210000 0.007000 -0.059000 -0.077000 -0.044000 -0.257000 -0.361000 220.082000 0.139000 1646.167000 0.021000 -0.032000 5049.725000 4.732000 0.194000 0.581000 2739.132000 2687.634000 1.671000 5.960000 0.040000 0.900000 0.037000 0.072000 0.502000 0.063000 0.505000 0.117000 0.540000 0.503000 0.072000 1.000000 0.054000 0.271000 0.314000 0.158000 0.038000 1.495000 0.799000 0.970000 0.000000
0.289000 0.482000 7.332000 139.981000 2.413000 0.299000 0.018000 -0.428000 0.224000 0.083000 -0.095000 0.097000 0.060000 0.268000 0.227000 0.125000 0.140000 1281.621000 -0.028000 1323.744000 0.022000 0.026000 8444.443000 5.546000 0.633000 0.483000 3512.996000 4088.419000 1.295000 3.570000 0.082000 0.909000 0.453000 0.425000 0.479000 0.704000 0.469000 1.000000 0.240000 0.469000 0.330000 0.248000 0.939000 0.145000 0.345000 0.154000 -0.158000 2.691000 0.853000 0.970000 0.000000
0.258000 0.594000 9.083000 123.990000 1.362000 0.207000 0.364000 0.123000 0.052000 -0.024000 -0.001000 0.161000 0.156000 0.082000 0.027000 -0.002000 -0.088000 1342.015000 -0.201000 2114.867000 0.026000 0.136000 10957.330000 3.341000 0.649000 0.674000 5009.662000 4623.561000 0.737000 2.362000 0.209000 0.937000 0.665000 0.281000 0.100000 0.384000 0.135000 1.000000 0.095000 0.121000 0.398000 0.433000 0.848000 0.240000 0.340000 0.166000 0.014000 2.691000 0.812000 0.965000 0.000000
0.088000 0.505000 8.885000 61.403000 1.986000 0.458000 0.476000 0.052000 0.130000 -0.169000 -0.144000 0.015000 -0.074000 -0.119000 -0.104000 0.065000 -0.175000 147.690000 0.082000 1961.964000 0.028000 0.084000 9250.740000 2.372000 0.175000 0.580000 4004.818000 4120.135000 0.972000 2.764000 0.079000 0.922000 0.188000 0.801000 0.386000 0.388000 0.280000 0.495000 1.000000 0.677000 0.786000 0.401000 0.556000 0.620000 0.362000 0.208000 -0.007000 1.121000 0.757000 0.966000 0.000000
0.169000 0.527000 8.209000 103.281000 2.075000 0.241000 0.363000 0.191000 0.051000 0.042000 -0.005000 0.161000 0.106000 -0.063000 0.084000 0.014000 0.014000 1005.287000 0.140000 1306.927000 0.025000 0.120000 7530.670000 3.775000 0.200000 0.521000 3276.024000 3704.042000 1.301000 3.753000 0.054000 0.909000 0.489000 0.075000 0.301000 0.028000 0.437000 0.115000 0.007000 0.095000 0.134000 1.000000 0.331000 0.542000 0.329000 0.152000 -0.035000 1.922000 0.826000 0.971000 0.000000
0.107000 0.607000 6.177000 100.290000 1.505000 0.031000 0.406000 0.274000 0.229000 0.206000 0.039000 -0.088000 0.003000 0.005000 0.066000 0.110000 0.134000 421.881000 0.006000 1744.872000 0.021000 0.034000 7911.013000 3.508000 0.514000 0.589000 3536.832000 3566.544000 1.035000 2.975000 0.033000 0.913000 0.159000 0.061000 0.362000 0.002000 0.161000 0.000000 0.005000 0.349000 0.139000 1.000000 0.091000 0.423000 0.324000 0.163000 0.100000 2.691000 0.823000 0.972000 0.000000
0.106000 0.530000 7.375000 125.978000 2.182000 -0.136000 0.435000 -0.008000 0.326000 0.011000 -0.074000 -0.003000 -0.079000 -0.017000 -0.042000 -0.148000 -0.050000 274.732000 0.185000 1445.544000 0.025000 0.008000 7115.925000 3.274000 0.333000 0.501000 3196.533000 3875.975000 1.631000 4.770000 0.068000 0.905000 0.074000 0.296000 0.421000 0.073000 0.639000 0.349000 0.048000 0.320000 0.363000 1.000000 0.657000 0.165000 0.387000 0.217000 -0.130000 2.243000 0.806000 0.967000 0.000000
0.139000 0.702000 5.776000 146.969000 1.824000 0.193000 -0.050000 0.397000 0.019000 0.143000 0.160000 0.354000 0.279000 0.042000 0.121000 0.094000 0.126000 315.597000 0.083000 1751.699000 0.029000 0.007000 7735.845000 3.341000 0.478000 0.540000 3461.234000 3718.719000 1.099000 3.247000 0.056000 0.908000 0.855000 0.100000 0.356000 0.318000 0.058000 0.485000 0.285000 0.908000 0.983000 0.766000 1.000000 0.431000 0.343000 0.157000 0.020000 2.691000 0.832000 0.967000 0.000000
0.183000 0.547000 6.090000 133.848000 2.062000 -0.671000 0.223000 -0.130000 0.112000 -0.089000 -0.025000 0.067000 0.094000 0.176000 -0.007000 -0.101000 0.011000 1154.732000 0.142000 1471.968000 0.028000 0.093000 5965.013000 4.544000 0.321000 0.522000 2896.340000 3271.697000 1.752000 5.471000 0.046000 0.903000 0.079000 0.074000 0.145000 0.068000 0.804000 0.065000 0.089000 0.215000 0.074000 1.000000 0.229000 0.426000 0.346000 0.170000 -0.039000 1.223000 0.803000 0.970000 0.000000
0.211000 0.573000 8.662000 129.953000 1.628000 0.482000 0.226000 -0.036000 -0.117000 -0.115000 0.003000 0.066000 0.008000 -0.020000 -0.050000 0.014000 -0.063000 682.893000 -0.184000 1748.352000 0.029000 0.150000 9933.725000 3.308000 0.717000 0.619000 4518.824000 4316.074000 0.719000 2.310000 0.136000 0.925000 0.211000 0.491000 0.187000 0.684000 0.277000 0.071000 0.270000 0.276000 1.000000 0.281000 0.150000 0.392000 0.285000 0.136000 0.006000 2.243000 0.827000 0.965000 0.000000
0.067000 0.503000 5.682000 127.108000 0.658000 0.446000 0.429000 -0.018000 0.128000 -0.194000 0.335000 0.096000 0.355000 0.176000 0.110000 0.118000 -0.007000 274.847000 -0.195000 2787.736000 0.033000 0.201000 6367.330000 4.176000 0.426000 0.707000 3425.745000 2487.980000 0.390000 2.251000 0.012000 0.908000 0.582000 0.562000 0.656000 0.574000 0.361000 0.548000 0.122000 0.914000 1.000000 0.393000 0.247000 0.040000 0.368000 0.185000 0.055000 2.691000 0.831000 0.970000 0.000000
0.098000 0.569000 7.507000 87.626000 2.459000 -0.586000 0.434000 0.142000 0.227000 0.013000 -0.087000 -0.106000 -0.182000 0.003000 -0.019000 -0.106000 -0.104000 277.225000 0.068000 1220.626000 0.026000 0.018000 4093.979000 3.542000 0.316000 0.461000 2200.261000 2411.622000 1.994000 7.122000 0.028000 0.885000 0.582000 1.000000 0.155000 0.131000 0.379000 0.994000 0.499000 0.154000 0.720000 0.541000 0.114000 0.317000 0.412000 0.196000 0.096000 2.691000 0.824000 0.968000 0.000000
0.119000 0.573000 7.217000 119.044000 2.289000 -0.790000 0.620000 0.205000 -0.007000 -0.252000 -0.190000 -0.163000 -0.020000 0.167000 -0.015000 0.090000 0.228000 372.237000 0.244000 1319.764000 0.026000 0.015000 4182.656000 3.074000 0.277000 0.509000 2331.276000 2539.034000 2.035000 7.190000 0.027000 0.890000 1.000000 0.034000 0.027000 0.011000 0.209000 0.279000 0.312000 0.485000 0.048000 0.242000 0.537000 0.532000 0.371000 0.187000 0.048000 2.243000 0.812000 0.967000 0.000000
0.146000 0.540000 7.736000 183.271000 2.045000 -0.137000 0.340000 0.022000 0.128000 0.024000 0.135000 0.028000 0.208000 0.136000 0.186000 -0.072000 0.028000 484.149000 0.066000 1454.934000 0.029000 0.054000 7591.169000 4.511000 0.355000 0.534000 3296.807000 3728.694000 1.398000 3.968000 0.047000 0.909000 0.761000 0.248000 0.609000 0.195000 0.481000 0.685000 0.250000 1.000000 0.821000 0.930000 0.563000 0.696000 0.387000 0.148000 -0.006000 2.691000 0.871000 0.969000 0.000000
0.125000 0.519000 7.091000 114.608000 1.321000 -0.336000 0.529000 -0.233000 0.407000 -0.062000 0.022000 0.230000 -0.117000 -0.103000 -0.033000 -0.209000 -0.005000 787.298000 0.292000 2225.400000 0.028000 0.052000 6191.195000 3.855000 0.411000 0.657000 3233.357000 2891.179000 1.359000 4.580000 0.036000 0.912000 0.871000 0.327000 0.236000 0.146000 1.000000 0.556000 0.488000 0.177000 0.492000 0.448000 0.031000 0.997000 0.405000 0.191000 -0.019000 1.922000 0.818000 0.969000 0.000000
0.037000 0.527000 7.515000 152.178000 1.908000 -0.213000 0.217000 0.041000 0.246000 -0.012000 0.011000 -0.115000 -0.023000 -0.096000 0.231000 0.077000 0.142000 38.261000 0.108000 1516.925000 0.025000 0.109000 6175.992000 5.279000 0.505000 0.544000 3028.861000 3246.352000 1.585000 5.100000 0.068000 0.909000 1.000000 0.310000 0.523000 0.193000 0.654000 0.509000 0.237000 0.356000 0.319000 0.747000 0.750000 0.359000 0.289000 0.124000 -0.031000 3.364000 0.844000 0.969000 0.000000
0.098000 0.578000 6.436000 126.436000 2.280000 0.310000 0.258000 -0.026000 0.033000 -0.039000 -0.013000 -0.009000 0.225000 0.033000 0.226000 0.069000 0.083000 245.307000 0.205000 1265.234000 0.024000 -0.129000 7260.412000 4.511000 0.619000 0.480000 3086.883000 3644.483000 1.445000 4.217000 0.058000 0.902000 1.000000 0.476000 0.221000 0.116000 0.434000 0.762000 0.222000 0.512000 0.542000 0.387000 0.794000 0.406000 0.353000 0.159000 0.009000 1.682000 0.821000 0.969000 0.000000
0.157000 0.539000 6.693000 100.931000 2.514000 0.339000 0.142000 -0.241000 0.071000 0.596000 0.300000 -0.020000 -0.167000 -0.179000 0.087000 0.099000 0.155000 548.053000 0.054000 1116.144000 0.022000 -0.029000 8038.950000 3.842000 0.480000 0.450000 3181.696000 3850.465000 1.319000 3.490000 0.048000 0.896000 0.816000 0.332000 0.110000 0.308000 0.088000 0.250000 0.018000 0.151000 0.290000 0.195000 1.000000 0.265000 0.326000 0.167000 0.079000 1.121000 0.810000 0.969000 0.000000
0.148000 0.563000 5.753000 126.104000 1.422000 0.239000 0.343000 0.216000 0.165000 0.092000 0.082000 0.022000 0.069000 0.064000 0.102000 0.056000 0.111000 848.058000 0.112000 1805.914000 0.025000 -0.119000 8564.180000 3.475000 0.629000 0.625000 3974.108000 3800.340000 0.887000 2.707000 0.053000 0.923000 0.701000 0.408000 0.236000 0.509000 0.088000 1.000000 0.482000 0.486000 0.523000 0.731000 0.998000 0.305000 0.332000 0.166000 0.019000 1.035000 0.833000 0.968000 0.000000
0.213000 0.489000 6.601000 99.928000 1.958000 0.373000 0.259000 -0.185000 0.202000 0.244000 0.089000 0.053000 -0.009000 -0.100000 0.066000 0.090000 -0.082000 1255.435000 0.084000 1714.085000 0.021000 0.019000 8777.114000 5.079000 0.492000 0.568000 3920.096000 4057.873000 1.017000 2.967000 0.096000 0.919000 0.866000 0.156000 0.264000 0.602000 0.268000 0.348000 0.178000 0.324000 0.683000 0.539000 1.000000 0.635000 0.303000 0.130000 -0.055000 3.364000 0.843000 0.968000 0.000000
0.089000 0.609000 5.541000 123.717000 1.573000 -0.276000 0.382000 -0.191000 0.203000 -0.164000 -0.043000 -0.005000 0.054000 -0.079000 0.190000 0.161000 -0.009000 218.001000 0.133000 1568.742000 0.030000 -0.026000 5047.770000 3.508000 0.549000 0.540000 2616.073000 2755.677000 1.633000 5.723000 0.040000 0.896000 1.000000 0.570000 0.316000 0.213000 0.128000 0.106000 0.040000 0.110000 0.344000 0.319000 0.778000 0.657000 0.275000 0.124000 -0.035000 1.035000 0.861000 0.967000 0.000000
0.134000 0.504000 7.431000 101.493000 1.718000 -0.364000 0.269000 -0.194000 0.028000 0.101000 -0.142000 0.055000 -0.196000 -0.153000 0.043000 0.052000 0.042000 929.317000 0.096000 1945.363000 0.028000 0.036000 6244.650000 4.043000 0.485000 0.594000 3022.213000 2882.685000 1.387000 4.468000 0.038000 0.910000 0.112000 0.142000 0.084000 0.046000 0.350000 0.059000 0.088000 0.447000 0.299000 1.000000 0.035000 0.126000 0.317000 0.166000 0.061000 1.682000 0.835000 0.968000 0.000000
0.253000 0.512000 7.062000 118.032000 2.507000 -0.275000 0.263000 -0.272000 0.139000 -0.033000 -0.424000 -0.194000 -0.046000 0.133000 0.167000 0.212000 0.234000 953.010000 0.032000 1091.001000 0.029000 0.170000 5176.801000 3.207000 0.528000 0.428000 2548.423000 3216.521000 2.054000 6.877000 0.053000 0.890000 0.445000 0.073000 0.122000 0.569000 0.962000 0.039000 0.094000 0.154000 0.213000 0.313000 0.268000 1.000000 0.322000 0.160000 -0.006000 1.682000 0.805000 0.970000 0.000000
0.228000 0.567000 6.478000 114.844000 1.592000 0.159000 0.321000 -0.162000 0.313000 0.123000 -0.149000 -0.015000 0.145000 0.228000 0.200000 0.048000 0.023000 2126.908000 0.068000 1699.449000 0.025000 0.171000 8473.736000 4.544000 0.363000 0.578000 3629.726000 3682.561000 1.044000 3.114000 0.078000 0.919000 0.908000 0.517000 0.892000 0.257000 0.241000 0.503000 0.357000 0.886000 0.700000 0.815000 1.000000 0.628000 0.335000 0.140000 0.063000 3.364000 0.867000 0.967000 0.000000
0.225000 0.523000 5.862000 104.126000 2.610000 -0.033000 0.221000 -0.158000 0.194000 0.184000 -0.137000 -0.007000 -0.144000 -0.048000 0.040000 -0.082000 -0.066000 1604.200000 0.189000 1038.019000 0.019000 0.011000 5679.277000 4.511000 0.210000 0.432000 2535.462000 3026.620000 1.764000 5.623000 0.042000 0.889000 0.197000 0.791000 0.015000 0.004000 0.146000 0.142000 0.031000 0.165000 0.677000 1.000000 0.083000 0.017000 0.329000 0.170000 0.057000 1.922000 0.831000 0.966000 0.000000
0.122000 0.527000 7.185000 134.473000 1.709000 -0.579000 0.443000 -0.165000 -0.054000 0.019000 -0.114000 0.323000 0.270000 0.039000 0.026000 -0.108000 0.064000 665.377000 0.183000 2040.122000 0.029000 -0.224000 5614.383000 2.873000 0.294000 0.604000 2846.612000 2692.189000 1.556000 5.217000 0.031000 0.906000 0.174000 0.088000 0.249000 0.395000 0.431000 0.387000 0.412000 0.662000 1.000000 0.735000 0.344000 0.383000 0.354000 0.194000 -0.041000 1.922000 0.794000 0.965000 0.000000
0.070000 0.703000 7.986000 105.143000 2.113000 0.284000 0.186000 0.069000 0.310000 0.158000 0.169000 -0.074000 -0.289000 -0.209000 0.116000 0.155000 0.005000 44.168000 -0.070000 1589.222000 0.022000 0.222000 7313.971000 1.704000 0.306000 0.489000 3152.656000 3696.360000 1.422000 4.194000 0.076000 0.901000 1.000000 0.636000 0.480000 0.280000 0.221000 0.025000 0.062000 0.142000 0.241000 0.513000 0.525000 0.776000 0.358000 0.207000 -0.023000 0.434000 0.816000 0.969000 0.000000
0.200000 0.592000 7.152000 100.007000 1.657000 -0.197000 0.019000 0.132000 -0.064000 0.066000 0.174000 -0.017000 0.125000 0.048000 0.040000 -0.031000 0.058000 613.673000 0.105000 1413.408000 0.024000 -0.213000 8044.376000 3.174000 0.568000 0.575000 3575.452000 3709.522000 1.129000 3.295000 0.057000 0.913000 0.374000 0.377000 0.932000 0.361000 0.499000 0.170000 0.237000 0.470000 0.665000 1.000000 0.529000 0.789000 0.386000 0.207000 -0.165000 1.682000 0.789000 0.971000 0.000000
0.143000 0.576000 6.187000 119.189000 2.152000 0.262000 -0.009000 0.254000 0.541000 -0.088000 0.320000 0.165000 0.098000 -0.059000 0.001000 0.012000 -0.136000 242.328000 -0.060000 1037.652000 0.033000 0.187000 5397.432000 1.804000 0.293000 0.458000 2620.086000 3099.846000 1.802000 6.167000 0.052000 0.886000 1.000000 0.004000 0.083000 0.001000 0.173000 0.049000 0.006000 0.092000 0.007000 0.024000 0.025000 0.512000 0.442000 0.215000 0.046000 1.922000 0.851000 0.968000 0.000000
0.077000 0.552000 7.346000 189.398000 2.332000 0.214000 0.324000 0.190000 0.076000 0.083000 0.183000 0.062000 0.029000 0.061000 0.062000 -0.007000 -0.002000 226.424000 0.064000 1425.525000 0.027000 0.027000 6821.609000 4.533000 0.546000 0.478000 2965.568000 3525.748000 1.514000 4.507000 0.062000 0.903000 0.541000 0.741000 0.937000 0.379000 1.000000 0.761000 0.345000 0.692000 0.649000 0.996000 0.902000 0.439000 0.333000 0.153000 -0.002000 1.346000 0.818000 0.971000 0.000000
0.183000 0.573000 8.070000 105.210000 2.238000 -0.168000 0.409000 0.187000 0.288000 0.193000 0.013000 0.078000 -0.137000 0.025000 -0.016000 -0.047000 -0.019000 670.481000 -0.048000 1292.191000 0.029000 0.074000 8070.451000 3.207000 0.548000 0.483000 3121.457000 3747.178000 1.310000 3.511000 0.051000 0.898000 0.283000 0.295000 0.712000 0.213000 0.401000 0.425000 0.141000 0.626000 0.609000 1.000000 0.754000 0.324000 0.372000 0.160000 -0.040000 1.682000 0.859000 0.967000 0.000000
0.231000 0.554000 5.705000 138.937000 2.524000 0.467000 0.288000 -0.257000 0.146000 -0.003000 -0.174000 -0.070000 -0.015000 0.115000 0.170000 -0.015000 0.081000 1127.011000 0.269000 1271.494000 0.024000 0.042000 5495.004000 3.608000 0.283000 0.399000 2364.880000 2875.873000 1.560000 4.575000 0.024000 0.884000 0.192000 1.000000 0.192000 0.310000 0.277000 0.144000 0.437000 0.220000 0.587000 0.266000 0.338000 0.477000 0.336000 0.184000 -0.154000 1.922000 0.801000 0.968000 0.000000
0.165000 0.534000 5.742000 139.218000 1.518000 -0.281000 0.590000 -0.112000 0.476000 -0.430000 0.073000 0.252000 -0.055000 0.114000 -0.014000 0.188000 -0.034000 963.344000 -0.044000 1704.911000 0.022000 -0.039000 4764.789000 4.110000 0.325000 0.585000 2681.831000 2605.702000 1.601000 5.953000 0.030000 0.898000 0.153000 0.224000 0.520000 0.119000 0.630000 0.236000 0.499000 0.259000 0.293000 0.578000 0.185000 1.000000 0.331000 0.167000 -0.015000 3.364000 0.808000 0.970000 0.000000
0.189000 0.574000 8.899000 93.439000 3.008000 -0.364000 0.174000 -0.348000 0.468000 -0.238000 0.049000 0.269000 0.211000 0.174000 -0.089000 -0.059000 -0.058000 1072.542000 0.081000 1174.055000 0.028000 0.197000 4366.235000 3.508000 0.305000 0.377000 2309.620000 3026.367000 2.110000 7.004000 0.042000 0.885000 0.458000 0.245000 0.175000 0.611000 0.532000 0.803000 0.729000 0.489000 0.355000 0.228000 0.760000 1.000000 0.349000 0.147000 0.049000 2.691000 0.843000 0.967000 0.000000
0.158000 0.531000 9.462000 108.272000 2.166000 -0.336000 0.820000 -0.279000 0.194000 -0.151000 -0.423000 0.277000 -0.025000 0.091000 0.290000 0.314000 0.112000 572.338000 -0.119000 1574.753000 0.034000 0.110000 5915.953000 2.773000 0.450000 0.541000 2867.187000 3179.629000 1.687000 5.268000 0.052000 0.902000 0.248000 0.827000 0.402000 0.391000 0.680000 0.176000 0.324000 0.027000 0.245000 0.598000 1.000000 0.603000 0.372000 0.189000 -0.023000 0.897000 0.804000 0.969000 0.000000
0.265000 0.547000 7.103000 112.013000 2.121000 0.230000 0.234000 0.173000 0.072000 0.004000 0.051000 0.047000 -0.054000 0.020000 0.230000 0.131000 0.065000 1540.367000 0.040000 1365.237000 0.028000 -0.107000 10704.273000 5.045000 0.655000 0.568000 4409.050000 4721.479000 0.932000 2.518000 0.150000 0.919000 0.337000 0.293000 0.317000 0.201000 0.235000 0.146000 0.038000 0.322000 0.188000 1.000000 0.604000 0.326000 0.308000 0.128000 -0.022000 3.364000 0.870000 0.966000 0.000000
0.237000 0.473000 7.170000 144.314000 2.050000 -0.162000 0.320000 -0.002000 0.008000 -0.051000 -0.066000 0.006000 -0.013000 -0.051000 -0.034000 -0.031000 -0.113000 2234.113000 -0.139000 1437.961000 0.023000 -0.106000 6656.515000 4.004000 0.519000 0.527000 3005.502000 3306.333000 1.458000 4.407000 0.064000 0.910000 0.035000 0.020000 0.185000 0.023000 0.396000 0.070000 0.013000 0.186000 0.042000 1.000000 0.324000 0.092000 0.310000 0.164000 -0.214000 0.841000 0.766000 0.968000 0.000000
0.299000 0.559000 8.023000 109.100000 1.724000 -0.278000 0.207000 -0.125000 0.010000 -0.411000 -0.141000 -0.055000 -0.035000 -0.251000 -0.151000 0.066000 0.277000 1704.497000 0.005000 1517.991000 0.025000 0.016000 4874.095000 4.110000 0.254000 0.540000 2433.015000 2202.580000 1.280000 4.448000 0.020000 0.887000 0.298000 0.000000 0.022000 0.002000 0.203000 0.093000 1.000000 0.353000 0.069000 0.457000 0.099000 0.460000 0.445000 0.227000 0.029000 2.243000 0.813000 0.966000 0.000000
0.120000 0.526000 16.531000 127.988000 2.290000 -0.638000 0.325000 -0.001000 0.243000 0.041000 -0.123000 -0.129000 -0.133000 0.154000 -0.020000 0.039000 0.043000 464.729000 0.155000 1239.009000 0.023000 0.059000 3984.147000 3.876000 0.242000 0.469000 2141.362000 2150.569000 1.749000 6.125000 0.019000 0.885000 0.821000 0.145000 0.120000 0.034000 0.578000 0.886000 0.448000 1.000000 0.124000 0.556000 0.895000 0.315000 0.441000 0.181000 0.014000 2.691000 0.859000 0.968000 0.000000
0.143000 0.583000 7.550000 98.375000 1.758000 -0.024000 0.224000 -0.114000 0.272000 -0.123000 -0.178000 -0.060000 -0.217000 0.147000 0.218000 0.210000 0.156000 957.680000 0.174000 2155.528000 0.036000 0.096000 8845.688000 3.207000 0.189000 0.628000 4071.332000 3814.093000 0.910000 2.764000 0.061000 0.929000 0.336000 0.520000 0.608000 0.677000 1.000000 0.214000 0.230000 0.013000 0.399000 0.383000 0.081000 0.788000 0.425000 0.213000 -0.058000 1.922000 0.813000 0.968000 0.000000
0.128000 0.483000 7.538000 86.957000 1.672000 0.242000 0.317000 0.212000 0.200000 0.228000 0.150000 0.041000 0.147000 0.108000 0.067000 0.014000 -0.045000 547.723000 -0.141000 1514.610000 0.022000 0.136000 8655.443000 2.807000 0.386000 0.574000 3799.638000 3955.448000 1.016000 2.960000 0.072000 0.919000 0.017000 0.318000 0.234000 0.878000 0.266000 0.082000 0.155000 0.124000 1.000000 0.288000 0.123000 0.021000 0.342000 0.167000 0.026000 0.538000 0.825000 0.964000 0.000000
0.152000 0.580000 8.058000 155.312000 1.666000 0.069000 0.165000 -0.374000 0.356000 -0.213000 0.017000 0.370000 0.040000 -0.109000 -0.204000 -0.173000 -0.024000 517.942000 -0.078000 2016.944000 0.030000 0.072000 10106.432000 4.511000 0.370000 0.607000 4222.237000 4459.491000 1.192000 3.227000 0.073000 0.923000 0.510000 0.229000 0.815000 0.059000 0.288000 0.557000 0.861000 1.000000 0.692000 0.970000 0.166000 0.244000 0.342000 0.158000 -0.065000 3.364000 0.841000 0.971000 0.000000
0.102000 0.613000 7.041000 77.958000 1.525000 -0.510000 0.249000 -0.287000 0.087000 -0.196000 -0.220000 0.055000 -0.056000 0.058000 0.019000 -0.025000 -0.034000 420.395000 0.367000 2259.311000 0.038000 -0.036000 7830.432000 2.038000 0.183000 0.647000 3764.615000 3757.705000 1.438000 4.265000 0.067000 0.923000 0.952000 0.370000 0.097000 0.339000 0.686000 0.203000 1.000000 0.587000 0.081000 0.170000 0.181000 0.882000 0.356000 0.183000 0.029000 1.922000 0.796000 0.968000 0.000000
0.161000 0.589000 7.189000 167.415000 2.763000 0.237000 0.626000 0.372000 0.051000 -0.231000 -0.261000 0.094000 -0.137000 -0.167000 0.002000 0.220000 0.148000 476.697000 0.001000 1310.473000 0.033000 -0.043000 10309.988000 2.840000 0.157000 0.510000 3897.973000 4516.260000 1.083000 2.762000 0.060000 0.909000 0.270000 1.000000 0.514000 0.136000 0.406000 0.068000 0.660000 0.234000 0.479000 0.664000 0.404000 0.926000 0.381000 0.194000 -0.168000 3.364000 0.837000 0.970000 0.000000
0.169000 0.518000 4.918000 101.964000 1.479000 -0.180000 0.500000 0.030000 0.257000 -0.050000 0.073000 0.072000 -0.041000 -0.199000 0.139000 0.068000 0.016000 1436.733000 0.030000 1814.089000 0.021000 0.100000 6301.932000 6.682000 0.550000 0.610000 3223.087000 3266.477000 1.487000 4.747000 0.042000 0.913000 0.338000 0.800000 0.132000 0.038000 0.124000 0.054000 0.418000 0.000000 0.209000 0.002000 0.118000 1.000000 0.353000 0.144000 -0.042000 1.682000 0.862000 0.968000 0.000000
0.082000 0.602000 9.634000 133.372000 1.731000 0.289000 -0.099000 -0.308000 0.011000 -0.016000 0.070000 0.019000 0.002000 0.076000 0.164000 0.053000 0.077000 166.095000 0.003000 2084.779000 0.027000 0.077000 9152.873000 3.308000 0.378000 0.610000 4213.721000 4115.532000 0.980000 2.953000 0.081000 0.930000 0.155000 0.055000 0.602000 0.020000 0.473000 0.105000 0.122000 1.000000 0.689000 0.436000 0.460000 0.347000 0.348000 0.163000 0.074000 3.364000 0.828000 0.965000 0.000000
0.104000 0.552000 6.996000 129.252000 2.234000 -0.119000 0.154000 -0.299000 0.148000 0.115000 0.183000 0.143000 -0.088000 0.092000 -0.048000 -0.032000 -0.178000 325.112000 0.314000 1492.515000 0.026000 -0.156000 6346.743000 3.943000 0.255000 0.504000 3042.874000 3551.653000 1.802000 5.766000 0.029000 0.902000 0.211000 0.189000 0.626000 0.079000 0.937000 1.000000 0.202000 0.755000 0.234000 0.999000 0.586000 0.729000 0.376000 0.166000 -0.146000 2.243000 0.833000 0.966000 0.000000
0.051000 0.605000 6.380000 158.544000 1.171000 -0.219000 0.124000 -0.075000 0.247000 -0.033000 -0.075000 -0.037000 0.104000 -0.020000 -0.070000 -0.214000 -0.174000 91.937000 0.253000 2228.641000 0.028000 0.044000 6515.623000 1.971000 0.185000 0.659000 3303.604000 2648.293000 0.846000 2.849000 0.019000 0.913000 0.849000 0.963000 0.503000 0.103000 0.978000 0.113000 1.000000 0.288000 0.450000 0.270000 0.071000 0.384000 0.365000 0.186000 -0.059000 1.682000 0.797000 0.968000 0.000000
0.103000 0.506000 7.482000 142.435000 2.402000 -0.768000 0.327000 0.019000 0.235000 -0.054000 -0.265000 -0.138000 -0.111000 0.243000 0.134000 0.079000 0.079000 338.026000 0.126000 1310.840000 0.028000 0.064000 3941.733000 3.408000 0.256000 0.465000 2214.206000 2409.276000 2.107000 7.800000 0.027000 0.886000 1.000000 0.044000 0.921000 0.063000 0.041000 0.056000 0.119000 0.102000 0.004000 0.180000 0.641000 0.336000 0.372000 0.181000 0.054000 1.922000 0.818000 0.967000 0.000000
0.117000 0.546000 16.487000 104.651000 2.438000 -0.684000 0.496000 -0.110000 -0.019000 -0.157000 -0.009000 0.205000 0.191000 -0.121000 -0.233000 0.023000 0.116000 386.450000 -0.006000 1212.784000 0.028000 -0.052000 3873.916000 3.876000 0.331000 0.479000 2155.522000 2399.396000 2.284000 9.076000 0.030000 0.880000 0.485000 1.000000 0.034000 0.007000 0.184000 0.302000 0.108000 0.429000 0.002000 0.159000 0.001000 0.082000 0.395000 0.177000 -0.053000 2.691000 0.831000 0.970000 0.000000
0.117000 0.546000 16.487000 104.651000 2.438000 -0.684000 0.496000 -0.110000 -0.019000 -0.157000 -0.009000 0.205000 0.191000 -0.121000 -0.233000 0.023000 0.116000 386.450000 -0.006000 1212.784000 0.028000 -0.052000 3873.916000 3.876000 0.331000 0.479000 2155.522000 2399.396000 2.284000 9.076000 0.030000 0.880000 0.485000 1.000000 0.034000 0.007000 0.184000 0.302000 0.108000 0.429000 0.002000 0.159000 0.001000 0.082000 0.395000 0.177000 -0.053000 2.691000 0.831000 0.970000 0.000000
0.133000 0.571000 6.358000 159.012000 2.310000 -0.728000 0.431000 -0.055000 0.172000 -0.122000 -0.133000 0.022000 0.273000 0.136000 -0.070000 -0.070000 -0.057000 365.785000 0.030000 1258.257000 0.032000 0.020000 4016.468000 2.940000 0.279000 0.475000 2201.015000 2379.826000 2.098000 7.912000 0.023000 0.883000 0.236000 1.000000 0.042000 0.000000 0.067000 0.033000 0.021000 0.198000 0.000000 0.015000 0.000000 0.036000 0.418000 0.210000 -0.006000 1.223000 0.794000 0.969000 0.000000
0.143000 0.505000 6.927000 58.131000 1.964000 -0.512000 0.378000 0.051000 0.047000 -0.232000 0.056000 0.116000 0.040000 0.045000 0.021000 -0.217000 -0.214000 662.670000 0.060000 1517.491000 0.022000 0.081000 6380.263000 3.775000 0.114000 0.572000 3040.261000 3235.133000 1.631000 5.170000 0.052000 0.910000 0.008000 0.136000 0.430000 0.034000 0.163000 0.102000 0.145000 0.172000 0.028000 1.000000 0.174000 0.023000 0.345000 0.183000 0.007000 1.121000 0.787000 0.969000 0.000000
0.143000 0.505000 6.927000 58.131000 1.964000 -0.512000 0.378000 0.051000 0.047000 -0.232000 0.056000 0.116000 0.040000 0.045000 0.021000 -0.217000 -0.214000 662.670000 0.060000 1517.491000 0.022000 0.081000 6380.263000 3.775000 0.114000 0.572000 3040.261000 3235.133000 1.631000 5.170000 0.052000 0.910000 0.008000 0.136000 0.430000 0.034000 0.163000 0.102000 0.145000 0.172000 0.028000 1.000000 0.174000 0.023000 0.345000 0.183000 0.007000 1.121000 0.787000 0.969000 0.000000
0.127000 0.546000 17.793000 101.164000 2.324000 -0.783000 0.476000 0.249000 0.160000 -0.062000 -0.030000 -0.107000 -0.122000 0.049000 0.122000 0.173000 0.096000 487.810000 0.255000 1196.916000 0.027000 0.028000 3840.249000 3.575000 0.262000 0.490000 2083.779000 2089.399000 1.837000 6.565000 0.017000 0.882000 0.971000 0.073000 0.291000 0.017000 0.068000 0.331000 0.460000 0.714000 0.043000 0.400000 0.801000 1.000000 0.371000 0.164000 0.006000 2.243000 0.844000 0.965000 0.000000
0.124000 0.574000 7.323000 100.061000 2.182000 0.244000 0.374000 -0.113000 0.133000 0.134000 0.080000 0.139000 0.175000 0.077000 0.190000 0.157000 0.047000 445.170000 0.069000 799.282000 0.036000 0.018000 6044.353000 2.339000 0.242000 0.444000 2582.789000 3137.772000 1.528000 4.614000 0.039000 0.885000 0.291000 0.013000 0.140000 0.001000 0.090000 0.001000 0.000000 0.061000 0.018000 1.000000 0.010000 0.015000 0.342000 0.196000 0.064000 1.922000 0.769000 0.970000 0.000000
0.070000 0.591000 6.078000 142.001000 1.242000 0.142000 0.006000 0.101000 0.034000 0.211000 0.207000 -0.118000 -0.012000 0.091000 0.064000 0.138000 0.172000 227.615000 0.114000 3147.907000 0.027000 -0.062000 10638.349000 3.842000 0.479000 0.706000 5054.244000 4294.267000 0.666000 2.301000 0.092000 0.942000 0.135000 0.830000 0.128000 0.665000 0.396000 0.086000 0.415000 0.023000 0.732000 1.000000 0.269000 0.625000 0.368000 0.184000 0.076000 1.682000 0.823000 0.969000 0.000000
0.147000 0.532000 6.881000 129.671000 1.890000 -0.554000 0.458000 0.049000 0.087000 -0.081000 0.000000 -0.186000 -0.173000 0.025000 0.097000 0.172000 0.205000 761.277000 -0.030000 1520.105000 0.022000 0.172000 4888.416000 3.842000 0.340000 0.553000 2511.666000 2395.016000 1.492000 4.943000 0.027000 0.894000 1.000000 0.059000 0.365000 0.080000 0.061000 0.033000 0.194000 0.521000 0.058000 0.358000 0.375000 0.182000 0.386000 0.205000 -0.201000 2.243000 0.818000 0.963000 0.000000
0.131000 0.542000 7.565000 168.861000 2.488000 -0.023000 0.512000 0.043000 0.247000 -0.041000 -0.177000 -0.043000 -0.148000 0.108000 0.018000 0.012000 -0.051000 347.140000 -0.031000 1157.171000 0.025000 0.117000 6721.745000 3.709000 0.121000 0.459000 2858.739000 3490.401000 1.596000 4.648000 0.045000 0.897000 0.653000 1.000000 0.657000 0.626000 0.694000 0.324000 0.681000 0.075000 0.160000 0.214000 0.299000 0.988000 0.354000 0.171000 -0.086000 1.922000 0.807000 0.967000 0.000000
0.220000 0.637000 7.622000 187.450000 1.961000 0.332000 0.374000 0.160000 -0.021000 0.257000 0.160000 -0.074000 -0.028000 0.044000 0.068000 0.050000 0.128000 936.505000 0.077000 1246.268000 0.023000 -0.038000 10199.000000 3.241000 0.730000 0.561000 4166.068000 4555.902000 1.041000 2.844000 0.128000 0.913000 0.517000 0.277000 0.423000 0.183000 0.271000 0.540000 0.096000 0.745000 0.515000 1.000000 0.702000 0.459000 0.356000 0.162000 -0.049000 1.682000 0.846000 0.963000 0.000000
0.153000 0.585000 8.114000 120.080000 1.188000 -2.033000 0.720000 0.094000 -0.145000 -0.126000 0.170000 -0.211000 0.184000 -0.085000 0.104000 0.319000 0.092000 707.551000 -0.004000 1810.359000 0.029000 0.194000 6048.643000 3.742000 0.593000 0.709000 3288.400000 3520.123000 1.817000 5.303000 0.044000 0.899000 0.541000 0.723000 0.092000 0.231000 0.688000 0.087000 0.112000 0.457000 0.688000 0.461000 1.000000 0.192000 0.488000 0.267000 -0.139000 2.243000 0.789000 0.968000 0.000000
0.203000 0.467000 10.080000 108.399000 2.653000 0.961000 0.815000 -0.016000 0.153000 0.027000 0.030000 0.135000 0.149000 0.117000 0.037000 0.054000 -0.021000 668.176000 -0.184000 677.665000 0.022000 0.273000 6124.493000 3.241000 0.255000 0.358000 2454.286000 3572.761000 1.833000 5.579000 0.057000 0.867000 0.509000 0.088000 0.001000 0.051000 0.161000 0.490000 0.038000 0.740000 1.000000 0.233000 0.472000 0.142000 0.402000 0.220000 -0.040000 2.691000 0.786000 0.969000 1.000000
0.173000 0.562000 7.058000 102.591000 2.174000 0.512000 0.176000 0.453000 -0.210000 -0.171000 0.266000 -0.288000 -0.133000 0.124000 -0.018000 0.018000 -0.056000 841.757000 0.163000 1037.819000 0.039000 -0.193000 7345.998000 2.205000 0.161000 0.507000 3146.324000 3428.979000 1.087000 3.011000 0.026000 0.898000 0.180000 0.229000 0.161000 0.035000 0.349000 0.011000 0.258000 0.128000 0.621000 0.566000 0.320000 1.000000 0.347000 0.201000 0.172000 1.682000 0.760000 0.964000 1.000000
0.085000 0.580000 6.134000 194.370000 5.996000 -0.501000 0.250000 -0.340000 1.055000 0.235000 0.298000 -0.168000 0.206000 0.011000 0.064000 -0.009000 0.161000 214.023000 0.115000 290.631000 0.013000 0.049000 1108.876000 1.701000 0.097000 0.053000 606.524000 814.817000 7.855000 121.996000 0.007000 0.751000 0.279000 0.588000 0.002000 0.192000 0.044000 0.174000 0.282000 0.002000 0.944000 0.134000 1.000000 0.811000 0.264000 0.238000 0.046000 0.396000 0.572000 0.966000 1.000000
0.076000 0.594000 6.458000 168.977000 2.894000 0.059000 0.698000 0.159000 0.457000 0.073000 0.381000 -0.052000 0.133000 0.166000 0.206000 0.081000 0.004000 141.774000 0.066000 471.830000 0.023000 0.217000 3381.680000 1.136000 0.109000 0.289000 1599.151000 2482.142000 2.625000 10.570000 0.043000 0.825000 0.430000 0.010000 0.632000 0.012000 0.237000 0.013000 0.158000 1.000000 0.001000 0.347000 0.000000 0.156000 0.283000 0.246000 -0.104000 1.346000 0.644000 0.975000 1.000000
0.066000 0.573000 9.697000 111.035000 4.583000 0.903000 0.168000 -0.042000 0.242000 0.153000 -0.044000 -0.226000 0.146000 0.003000 -0.024000 0.119000 0.106000 43.935000 0.048000 331.648000 0.029000 0.039000 1153.604000 1.403000 0.069000 0.111000 1001.715000 2014.411000 4.335000 23.934000 0.030000 0.791000 0.118000 0.029000 0.250000 0.737000 0.978000 0.978000 1.000000 0.871000 0.176000 0.417000 0.002000 0.099000 0.363000 0.233000 0.040000 0.792000 0.721000 0.967000 1.000000
0.129000 0.537000 7.768000 131.301000 3.245000 0.068000 0.445000 0.151000 0.397000 0.417000 0.012000 0.006000 0.092000 -0.061000 -0.159000 -0.049000 -0.175000 245.993000 -0.022000 510.726000 0.029000 0.004000 4110.655000 3.241000 0.215000 0.301000 1975.356000 3026.372000 2.239000 7.453000 0.046000 0.855000 0.136000 0.644000 0.080000 1.000000 0.111000 0.592000 0.175000 0.070000 0.121000 0.006000 0.199000 0.139000 0.359000 0.212000 0.094000 0.612000 0.757000 0.963000 1.000000
0.071000 0.608000 7.452000 161.547000 2.060000 0.260000 0.058000 -0.276000 0.224000 -0.239000 0.435000 0.337000 0.211000 0.464000 -0.195000 -0.043000 -0.051000 66.106000 -0.022000 1223.957000 0.052000 0.117000 6396.139000 1.470000 0.230000 0.526000 3097.058000 3313.480000 1.484000 4.695000 0.061000 0.889000 0.382000 0.028000 0.020000 0.107000 0.004000 0.217000 0.035000 0.766000 1.000000 0.331000 0.653000 0.056000 0.413000 0.253000 0.006000 0.673000 0.748000 0.969000 1.000000
0.105000 0.502000 8.985000 159.882000 1.896000 -0.750000 0.068000 -0.093000 -0.091000 0.174000 0.117000 -0.046000 -0.283000 -0.544000 0.262000 -0.034000 0.151000 200.249000 0.433000 1490.201000 0.025000 0.073000 6393.805000 2.406000 0.265000 0.566000 2844.660000 2762.572000 1.206000 3.394000 0.018000 0.881000 0.000000 0.359000 0.714000 0.028000 0.759000 0.000000 0.307000 0.082000 0.258000 0.524000 0.004000 1.000000 0.341000 0.311000 -0.078000 2.691000 0.633000 0.964000 1.000000
0.061000 0.499000 6.575000 104.679000 2.864000 -0.386000 0.268000 -0.012000 0.089000 0.002000 0.338000 0.021000 0.055000 -0.120000 -0.045000 -0.164000 -0.134000 91.878000 0.584000 904.530000 0.027000 -0.109000 3934.499000 1.871000 0.206000 0.389000 2019.596000 2549.659000 2.374000 9.063000 0.041000 0.868000 0.226000 0.000000 0.019000 0.005000 0.000000 0.589000 0.000000 1.000000 0.408000 0.063000 0.267000 0.019000 0.398000 0.228000 -0.176000 2.691000 0.773000 0.963000 1.000000
0.101000 0.582000 6.039000 110.470000 1.932000 -0.104000 0.209000 -0.173000 0.336000 0.022000 0.364000 -0.003000 -0.176000 0.009000 0.107000 -0.174000 -0.009000 183.021000 0.051000 1792.810000 0.037000 -0.111000 6668.732000 2.005000 0.120000 0.560000 3293.030000 3501.351000 1.522000 4.604000 0.059000 0.907000 0.365000 0.293000 0.928000 0.000000 0.298000 0.042000 0.618000 0.025000 0.101000 0.017000 0.000000 1.000000 0.259000 0.218000 0.014000 0.374000 0.678000 0.962000 1.000000
0.115000 0.568000 6.193000 133.742000 4.521000 -0.748000 0.359000 -0.205000 0.073000 -0.181000 0.065000 -0.037000 -0.042000 0.035000 -0.049000 0.030000 0.034000 282.839000 -0.332000 658.201000 0.040000 0.175000 1779.496000 1.838000 0.206000 0.193000 1074.045000 1239.357000 3.616000 22.370000 0.008000 0.815000 0.000000 0.735000 0.149000 0.000000 0.510000 0.153000 0.000000 0.018000 0.002000 1.000000 0.355000 0.004000 0.371000 0.272000 0.032000 2.243000 0.690000 0.966000 1.000000
0.188000 0.537000 6.337000 95.104000 1.985000 -0.879000 0.611000 -0.548000 -0.145000 -0.115000 -0.288000 -0.063000 -0.046000 0.366000 -0.035000 0.035000 -0.431000 1368.480000 0.164000 1646.500000 0.041000 -0.278000 4787.353000 1.938000 0.107000 0.586000 2711.365000 2564.834000 1.739000 6.002000 0.028000 0.899000 0.172000 0.157000 0.396000 1.000000 0.960000 0.486000 0.364000 0.490000 0.441000 0.160000 0.593000 0.186000 0.412000 0.224000 -0.015000 3.364000 0.793000 0.963000 1.000000
0.127000 0.570000 7.103000 86.642000 3.081000 -0.898000 0.636000 -0.455000 0.283000 -0.086000 0.056000 -0.004000 -0.134000 -0.215000 -0.059000 -0.237000 -0.075000 329.138000 0.094000 954.732000 0.033000 -0.061000 3083.916000 1.971000 0.135000 0.385000 1752.672000 1993.974000 3.127000 16.024000 0.027000 0.859000 1.000000 0.977000 0.485000 0.026000 0.389000 0.011000 0.288000 0.425000 0.484000 0.822000 0.052000 0.924000 0.331000 0.206000 -0.025000 1.346000 0.742000 0.965000 1.000000
0.205000 0.553000 5.976000 127.830000 2.836000 -0.603000 0.504000 -0.090000 0.270000 0.066000 -0.118000 0.089000 0.198000 -0.119000 -0.120000 0.140000 -0.108000 1081.124000 0.117000 725.869000 0.020000 0.102000 3342.735000 2.138000 0.159000 0.389000 1888.350000 2447.527000 2.784000 12.167000 0.030000 0.846000 0.002000 0.217000 0.404000 0.141000 0.348000 0.013000 0.344000 0.603000 0.649000 1.000000 0.158000 0.277000 0.297000 0.216000 -0.051000 0.518000 0.719000 0.965000 1.000000
0.186000 0.618000 6.650000 183.023000 2.389000 0.139000 0.490000 -0.016000 0.108000 0.069000 0.100000 0.152000 0.016000 -0.086000 -0.058000 -0.074000 0.057000 745.346000 0.361000 978.143000 0.023000 -0.274000 6566.996000 1.904000 0.335000 0.446000 2760.665000 3494.014000 1.623000 4.837000 0.070000 0.893000 0.127000 0.403000 0.005000 0.182000 0.219000 0.050000 0.554000 0.773000 1.000000 0.078000 0.605000 0.365000 0.360000 0.189000 -0.015000 1.223000 0.791000 0.965000 1.000000
0.078000 0.530000 5.350000 164.506000 1.665000 -0.027000 0.342000 -0.240000 0.110000 0.070000 0.224000 -0.013000 -0.044000 0.030000 -0.107000 -0.036000 0.057000 141.127000 0.342000 1800.585000 0.042000 -0.150000 8217.230000 2.773000 0.146000 0.609000 3777.742000 3934.593000 1.307000 3.848000 0.109000 0.916000 0.034000 0.003000 0.008000 0.017000 1.000000 0.000000 0.154000 0.223000 0.036000 0.054000 0.000000 0.608000 0.305000 0.247000 -0.024000 2.691000 0.653000 0.968000 1.000000
0.100000 0.558000 6.037000 53.032000 3.319000 -3.484000 1.054000 -1.636000 -0.216000 -0.916000 -0.105000 0.285000 -0.468000 -0.057000 -0.196000 0.269000 -0.376000 306.191000 -0.221000 1608.753000 0.043000 0.239000 2783.755000 1.537000 0.144000 0.571000 1760.183000 1110.363000 2.993000 26.397000 0.010000 0.848000 0.281000 0.659000 0.044000 0.277000 0.345000 0.383000 0.587000 0.412000 1.000000 0.575000 0.685000 0.581000 0.355000 0.212000 -0.143000 0.673000 0.703000 0.970000 1.000000
0.021000 0.652000 7.517000 160.425000 2.006000 1.197000 0.047000 0.333000 0.545000 -0.243000 0.346000 -0.092000 0.429000 0.180000 0.096000 0.008000 0.260000 5.659000 -0.011000 1174.238000 0.087000 -0.141000 8306.475000 0.768000 0.223000 0.511000 3387.684000 3560.297000 0.952000 2.769000 0.056000 0.886000 0.000000 0.045000 0.024000 0.000000 0.046000 0.013000 1.000000 0.683000 0.194000 0.128000 0.000000 0.419000 0.402000 0.232000 -0.057000 1.682000 0.746000 0.971000 1.000000
0.061000 0.623000 8.072000 117.641000 2.600000 -0.558000 0.251000 0.087000 0.031000 -0.442000 -0.115000 -0.124000 0.342000 0.152000 0.310000 0.259000 -0.011000 32.797000 0.378000 1538.837000 0.165000 -0.201000 6538.839000 0.702000 0.170000 0.484000 3015.232000 3835.083000 1.802000 5.215000 0.065000 0.882000 0.348000 0.078000 0.084000 0.297000 0.078000 0.553000 0.001000 0.224000 0.377000 1.000000 0.495000 0.050000 0.310000 0.294000 0.237000 1.682000 0.662000 0.956000 1.000000
0.085000 0.585000 6.934000 184.297000 2.479000 0.629000 0.413000 -0.126000 0.142000 -0.046000 0.237000 0.125000 0.318000 0.149000 0.251000 0.060000 0.081000 159.000000 0.137000 745.467000 0.040000 -0.035000 5959.335000 1.904000 0.164000 0.424000 2632.392000 3256.986000 1.571000 4.677000 0.046000 0.875000 0.024000 1.000000 0.044000 0.056000 0.144000 0.013000 0.345000 0.005000 0.877000 0.323000 0.026000 0.037000 0.345000 0.231000 -0.052000 0.612000 0.737000 0.970000 1.000000
0.153000 0.554000 7.169000 48.284000 2.613000 -0.630000 0.800000 -0.229000 -0.358000 -0.545000 -0.188000 -0.377000 -0.400000 -0.358000 -0.062000 0.199000 0.178000 41.648000 -0.048000 985.003000 0.080000 -0.024000 3481.355000 3.040000 0.079000 0.477000 2097.404000 2548.432000 2.965000 13.465000 0.066000 0.848000 0.111000 0.000000 0.000000 0.048000 0.146000 0.000000 0.000000 0.000000 0.000000 0.000000 0.000000 1.000000 0.352000 0.277000 -0.030000 1.922000 0.708000 0.970000 1.000000
0.222000 0.559000 6.652000 115.371000 2.613000 -0.265000 0.531000 0.103000 0.114000 -0.402000 -0.039000 -0.014000 0.095000 0.168000 0.226000 -0.000000 -0.125000 1052.604000 0.263000 905.979000 0.027000 -0.091000 4606.360000 2.038000 0.113000 0.404000 2331.125000 3206.007000 2.227000 7.697000 0.045000 0.876000 0.382000 0.074000 0.362000 0.129000 0.500000 0.004000 0.128000 0.055000 0.089000 0.292000 0.226000 1.000000 0.359000 0.178000 -0.073000 2.243000 0.822000 0.968000 1.000000
0.051000 0.556000 7.467000 176.701000 1.877000 0.283000 0.552000 0.191000 0.274000 0.141000 -0.005000 0.138000 0.230000 -0.103000 -0.092000 -0.188000 -0.131000 55.388000 0.170000 1009.896000 0.031000 -0.095000 7407.064000 1.971000 0.252000 0.536000 3325.626000 3732.742000 1.386000 4.147000 0.085000 0.900000 0.000000 1.000000 0.466000 0.000000 0.000000 0.621000 0.884000 0.000000 0.357000 0.205000 0.001000 0.000000 0.350000 0.212000 -0.070000 1.922000 0.760000 0.965000 1.000000
0.190000 0.516000 6.481000 109.044000 3.194000 0.135000 0.832000 0.012000 0.197000 0.490000 0.185000 -0.116000 0.067000 0.099000 -0.173000 -0.251000 -0.312000 842.793000 0.103000 625.412000 0.021000 -0.078000 4408.797000 3.796000 0.221000 0.335000 2240.310000 3397.177000 2.201000 7.039000 0.047000 0.857000 0.000000 0.395000 0.485000 0.018000 0.018000 0.410000 0.754000 0.032000 0.902000 1.000000 0.003000 0.297000 0.364000 0.206000 0.115000 0.897000 0.793000 0.966000 1.000000
0.162000 0.531000 5.705000 117.892000 3.028000 0.313000 0.345000 -0.021000 0.256000 -0.078000 -0.017000 0.137000 0.137000 0.244000 0.031000 -0.189000 -0.080000 667.276000 0.175000 792.904000 0.027000 -0.143000 4839.062000 3.341000 0.198000 0.350000 2223.819000 3051.481000 2.107000 7.091000 0.049000 0.863000 0.000000 0.143000 0.096000 0.953000 0.580000 0.039000 0.195000 0.899000 1.000000 0.026000 0.501000 0.142000 0.340000 0.193000 -0.090000 1.922000 0.756000 0.963000 1.000000
0.045000 0.607000 7.843000 77.842000 2.308000 0.955000 0.309000 -0.765000 0.270000 0.261000 0.400000 -0.134000 0.004000 0.156000 -0.081000 0.146000 0.028000 31.318000 0.064000 942.694000 0.070000 0.357000 5148.349000 0.568000 0.068000 0.436000 2464.597000 2686.867000 1.455000 4.772000 0.045000 0.871000 0.261000 0.392000 0.244000 0.396000 0.000000 0.012000 0.000000 0.001000 0.022000 0.202000 1.000000 0.000000 0.421000 0.269000 0.073000 2.243000 0.758000 0.962000 1.000000
0.140000 0.546000 7.535000 109.062000 3.039000 0.584000 0.242000 0.341000 0.059000 -0.049000 0.073000 -0.079000 -0.038000 -0.034000 0.188000 0.009000 -0.093000 367.680000 -0.145000 782.233000 0.027000 0.269000 6071.396000 2.270000 0.230000 0.355000 2358.226000 3191.473000 1.629000 4.514000 0.023000 0.866000 0.411000 0.036000 0.047000 0.039000 0.154000 0.254000 0.109000 0.500000 0.564000 1.000000 0.855000 0.146000 0.329000 0.199000 -0.109000 1.682000 0.765000 0.970000 1.000000
0.211000 0.545000 7.798000 103.229000 1.710000 -0.529000 0.515000 -0.308000 -0.045000 -0.630000 -0.156000 -0.195000 -0.235000 -0.408000 -0.086000 -0.038000 0.153000 1411.754000 -0.075000 1600.861000 0.022000 0.021000 5706.782000 5.112000 0.176000 0.611000 3150.185000 3307.260000 1.781000 5.741000 0.074000 0.905000 0.551000 0.275000 0.757000 0.115000 0.275000 0.347000 0.154000 0.603000 1.000000 0.679000 0.739000 0.607000 0.416000 0.175000 0.018000 3.364000 0.837000 0.969000 1.000000
0.054000 0.542000 6.488000 150.939000 2.908000 -0.203000 0.403000 0.035000 0.314000 0.217000 -0.154000 0.246000 -0.300000 0.095000 0.160000 0.154000 -0.033000 59.020000 -0.026000 596.460000 0.029000 0.067000 4529.038000 1.570000 0.142000 0.380000 2260.688000 3106.113000 2.201000 7.542000 0.057000 0.857000 0.173000 0.000000 0.001000 0.077000 0.351000 1.000000 0.035000 0.180000 0.541000 0.049000 0.367000 0.000000 0.310000 0.221000 -0.007000 2.691000 0.679000 0.965000 1.000000
0.043000 0.594000 7.232000 80.272000 2.503000 0.474000 0.322000 -0.313000 0.154000 -0.068000 0.074000 -0.004000 0.434000 0.068000 0.166000 0.061000 0.115000 30.510000 0.131000 885.132000 0.047000 0.010000 4823.816000 1.236000 0.162000 0.398000 2258.487000 2810.261000 1.978000 6.970000 0.056000 0.865000 0.000000 0.831000 0.000000 0.110000 0.538000 0.000000 0.097000 0.000000 0.681000 1.000000 0.369000 0.526000 0.401000 0.267000 -0.040000 1.922000 0.692000 0.971000 1.000000
0.104000 0.622000 7.782000 76.331000 2.242000 0.489000 0.901000 -0.013000 0.007000 -0.032000 0.352000 0.091000 0.057000 0.331000 0.088000 0.060000 -0.017000 78.066000 0.082000 691.652000 0.047000 -0.158000 6615.993000 1.002000 0.095000 0.472000 2784.771000 3352.508000 1.523000 4.581000 0.059000 0.874000 0.010000 0.021000 0.009000 0.001000 0.441000 0.161000 0.406000 1.000000 0.201000 0.447000 0.000000 0.047000 0.265000 0.226000 -0.152000 2.243000 0.644000 0.965000 1.000000
0.081000 0.542000 5.986000 134.724000 3.327000 -0.644000 0.965000 -0.125000 0.489000 0.153000 0.203000 0.047000 0.111000 -0.040000 -0.144000 0.099000 0.184000 122.432000 -0.075000 705.455000 0.039000 0.079000 2687.487000 3.074000 0.276000 0.330000 1419.595000 1671.045000 2.924000 16.040000 0.020000 0.843000 0.609000 0.197000 0.004000 0.012000 0.644000 1.000000 0.106000 0.088000 0.470000 0.107000 0.697000 0.952000 0.379000 0.196000 -0.075000 2.691000 0.783000 0.969000 1.000000
0.010000 0.623000 9.032000 109.959000 3.501000 -0.497000 0.424000 -0.234000 -0.211000 0.074000 0.476000 0.027000 0.226000 -0.047000 0.022000 0.282000 0.195000 0.941000 0.216000 522.714000 0.058000 -0.305000 2614.917000 0.969000 0.103000 0.298000 1547.207000 2094.902000 3.253000 16.929000 0.052000 0.835000 0.148000 0.003000 0.174000 0.745000 1.000000 0.393000 0.070000 0.048000 0.130000 0.341000 0.024000 0.300000 0.379000 0.251000 0.042000 2.243000 0.700000 0.969000 1.000000
0.180000 0.555000 6.867000 161.998000 3.966000 0.345000 0.489000 0.418000 0.248000 0.341000 -0.062000 -0.321000 -0.036000 0.147000 -0.034000 -0.285000 -0.229000 527.960000 -0.127000 287.424000 0.024000 0.232000 1670.379000 2.305000 0.123000 0.160000 1233.761000 2551.709000 3.371000 14.470000 0.031000 0.798000 0.706000 0.031000 0.049000 0.473000 0.805000 0.048000 0.599000 0.585000 0.832000 0.892000 0.573000 1.000000 0.356000 0.223000 -0.057000 1.495000 0.744000 0.970000 1.000000
0.195000 0.607000 5.965000 168.554000 2.952000 0.497000 0.717000 -0.114000 -0.242000 -0.124000 0.112000 -0.185000 -0.002000 0.230000 0.212000 0.213000 0.159000 872.198000 0.129000 639.968000 0.030000 0.029000 3878.752000 1.336000 0.166000 0.310000 1813.156000 2738.480000 2.489000 9.413000 0.038000 0.845000 0.478000 0.005000 0.036000 0.269000 0.436000 0.000000 0.225000 0.089000 0.032000 0.604000 0.097000 1.000000 0.324000 0.216000 -0.028000 0.641000 0.695000 0.964000 1.000000
0.137000 0.514000 6.139000 105.217000 2.077000 0.205000 0.396000 -0.305000 -0.158000 0.075000 0.049000 -0.011000 -0.003000 0.007000 0.050000 0.002000 -0.128000 595.033000 0.007000 1423.715000 0.020000 0.036000 7024.472000 4.577000 0.424000 0.528000 3219.804000 3617.093000 1.487000 4.471000 0.067000 0.908000 0.560000 0.029000 0.089000 0.480000 0.839000 0.003000 0.707000 0.656000 0.119000 0.117000 0.084000 1.000000 0.379000 0.177000 -0.086000 1.922000 0.816000 0.971000 1.000000
0.161000 0.602000 6.609000 179.617000 3.200000 -0.119000 0.482000 0.213000 0.158000 0.296000 0.018000 -0.045000 -0.126000 -0.311000 -0.105000 0.046000 -0.100000 469.713000 -0.034000 662.846000 0.061000 0.046000 4704.122000 1.169000 0.118000 0.337000 2246.552000 3488.645000 2.204000 7.003000 0.055000 0.859000 0.967000 0.417000 0.047000 0.593000 0.219000 1.000000 0.116000 0.245000 0.835000 0.232000 0.832000 0.147000 0.376000 0.205000 0.126000 1.346000 0.774000 0.965000 1.000000
0.065000 0.637000 8.337000 103.871000 2.421000 0.908000 0.638000 0.022000 0.474000 0.150000 0.021000 0.108000 0.258000 0.086000 0.051000 -0.005000 -0.004000 52.582000 0.118000 771.974000 0.051000 -0.224000 5468.782000 0.969000 0.077000 0.386000 2333.492000 3028.393000 1.704000 5.379000 0.043000 0.865000 0.530000 0.254000 0.425000 0.415000 0.300000 0.540000 0.299000 0.563000 0.471000 1.000000 0.850000 0.501000 0.311000 0.185000 -0.076000 1.682000 0.742000 0.968000 1.000000
0.087000 0.500000 7.004000 134.230000 3.041000 -0.036000 0.690000 0.488000 0.341000 0.214000 0.305000 0.370000 0.186000 -0.107000 -0.092000 -0.020000 0.122000 139.744000 0.208000 441.542000 0.038000 0.089000 3092.622000 1.871000 0.078000 0.295000 1588.744000 2442.833000 2.616000 10.296000 0.037000 0.829000 0.159000 0.000000 0.217000 0.000000 0.050000 0.521000 0.112000 1.000000 0.129000 0.656000 0.009000 0.000000 0.237000 0.177000 0.041000 1.035000 0.634000 0.962000 1.000000
0.082000 0.503000 5.449000 168.159000 1.599000 -0.075000 0.097000 0.214000 -0.013000 0.196000 0.238000 0.144000 0.188000 -0.028000 -0.092000 -0.137000 -0.134000 255.830000 0.175000 1879.093000 0.023000 -0.198000 7464.577000 4.076000 0.303000 0.605000 3439.652000 3183.460000 0.854000 2.587000 0.023000 0.914000 0.034000 0.337000 0.550000 0.037000 0.843000 0.164000 0.200000 1.000000 0.166000 0.964000 0.213000 0.027000 0.323000 0.195000 0.170000 0.961000 0.779000 0.964000 1.000000
0.189000 0.549000 5.691000 157.216000 3.311000 -0.424000 0.515000 0.033000 0.218000 -0.025000 0.229000 0.191000 0.163000 0.000000 0.072000 -0.257000 -0.185000 781.446000 -0.095000 778.218000 0.024000 0.009000 2673.629000 3.040000 0.253000 0.312000 1420.070000 1636.997000 2.344000 9.695000 0.009000 0.845000 0.074000 0.275000 0.144000 0.348000 0.316000 1.000000 0.973000 0.295000 0.769000 0.973000 0.120000 0.009000 0.362000 0.208000 0.070000 2.691000 0.788000 0.963000 1.000000
0.013000 0.606000 8.100000 66.230000 3.092000 0.150000 -0.155000 0.071000 0.056000 0.051000 0.090000 -0.054000 -0.077000 -0.163000 -0.028000 -0.093000 -0.176000 1.338000 0.137000 800.014000 0.083000 -0.092000 4544.179000 1.270000 0.102000 0.342000 2034.556000 2544.860000 2.154000 8.006000 0.055000 0.860000 0.003000 0.116000 0.008000 0.064000 0.192000 0.373000 0.466000 0.196000 1.000000 0.302000 0.044000 0.140000 0.387000 0.270000 -0.021000 1.495000 0.696000 0.963000 1.000000
0.092000 0.505000 5.273000 142.603000 2.859000 -0.474000 0.288000 -0.440000 0.399000 -0.336000 -0.140000 0.102000 -0.147000 -0.106000 0.324000 -0.032000 0.078000 232.804000 -0.086000 993.894000 0.026000 0.284000 7206.326000 2.907000 0.066000 0.470000 3033.210000 3728.949000 1.684000 4.706000 0.062000 0.899000 0.812000 0.264000 0.669000 0.056000 0.361000 0.074000 0.233000 0.847000 0.271000 0.920000 0.149000 1.000000 0.318000 0.202000 -0.192000 1.922000 0.747000 0.969000 1.000000
0.138000 0.458000 6.081000 166.818000 3.000000 -0.197000 0.343000 -0.258000 0.098000 -0.303000 -0.099000 -0.241000 -0.085000 -0.184000 -0.094000 -0.214000 -0.294000 271.257000 -0.122000 857.625000 0.024000 -0.062000 3237.046000 3.742000 0.086000 0.340000 1638.789000 1838.610000 2.309000 9.737000 0.018000 0.859000 0.332000 1.000000 0.268000 0.965000 0.284000 0.962000 0.960000 0.608000 0.628000 0.209000 0.319000 0.347000 0.367000 0.203000 -0.147000 2.243000 0.782000 0.966000 1.000000
0.049000 0.640000 7.335000 163.412000 2.425000 -0.329000 0.745000 -0.251000 0.056000 0.004000 0.271000 -0.189000 -0.088000 -0.477000 -0.370000 -0.045000 0.079000 13.121000 -0.322000 840.375000 0.131000 0.106000 3870.783000 1.370000 0.089000 0.446000 2140.623000 2683.075000 2.946000 13.369000 0.068000 0.850000 0.136000 0.321000 0.051000 0.000000 0.030000 0.003000 0.000000 0.004000 0.055000 1.000000 0.725000 0.003000 0.183000 0.185000 0.163000 2.243000 0.639000 0.970000 1.000000
0.159000 0.528000 5.636000 168.642000 2.448000 -0.207000 0.215000 -0.356000 -0.261000 -0.250000 0.044000 0.083000 0.100000 0.123000 0.079000 0.031000 0.041000 392.964000 0.120000 1297.136000 0.030000 -0.049000 7714.438000 3.441000 0.100000 0.500000 3344.198000 4042.710000 1.592000 4.471000 0.089000 0.904000 0.224000 0.839000 0.741000 0.011000 0.704000 1.000000 0.029000 0.352000 0.107000 0.780000 0.744000 0.169000 0.354000 0.219000 0.167000 1.922000 0.735000 0.969000 1.000000
0.146000 0.523000 5.642000 76.206000 2.270000 -0.959000 0.696000 -0.418000 -0.144000 0.138000 0.071000 0.037000 -0.038000 0.076000 0.016000 0.023000 0.003000 536.478000 -0.165000 1396.308000 0.032000 0.113000 3769.068000 2.205000 0.121000 0.529000 2240.732000 2223.800000 2.074000 8.215000 0.032000 0.881000 0.034000 0.000000 0.425000 0.006000 0.271000 0.369000 0.086000 0.195000 0.174000 1.000000 0.153000 0.031000 0.382000 0.234000 -0.038000 2.691000 0.760000 0.969000 1.000000
0.146000 0.522000 5.612000 76.090000 2.258000 -0.947000 0.697000 -0.430000 -0.122000 0.116000 0.089000 0.019000 -0.022000 0.063000 0.025000 0.020000 0.001000 515.277000 -0.155000 1401.969000 0.032000 0.117000 3824.183000 2.138000 0.118000 0.531000 2291.656000 2342.065000 2.211000 9.001000 0.035000 0.882000 0.034000 0.000000 0.424000 0.006000 0.271000 0.371000 0.087000 0.195000 0.174000 1.000000 0.153000 0.031000 0.388000 0.246000 -0.030000 2.243000 0.751000 0.969000 1.000000
0.114000 0.518000 6.493000 115.638000 3.341000 -0.588000 0.420000 0.353000 0.373000 0.277000 0.306000 0.110000 -0.025000 0.048000 -0.064000 -0.008000 0.039000 241.256000 0.126000 660.731000 0.024000 0.003000 2433.042000 2.539000 0.188000 0.283000 1402.503000 1967.002000 2.832000 12.301000 0.019000 0.841000 1.000000 0.512000 0.528000 0.762000 0.859000 0.094000 0.485000 0.516000 0.027000 0.160000 0.010000 0.729000 0.299000 0.195000 -0.014000 2.243000 0.799000 0.965000 1.000000
0.058000 0.527000 6.400000 115.529000 3.293000 -0.708000 0.344000 0.411000 0.343000 0.207000 0.243000 0.105000 -0.060000 -0.046000 -0.096000 0.029000 0.006000 59.152000 0.159000 692.634000 0.031000 0.001000 2605.539000 2.406000 0.126000 0.308000 1554.936000 2211.973000 2.904000 12.550000 0.030000 0.848000 0.723000 0.494000 0.440000 0.572000 1.000000 0.142000 0.639000 0.641000 0.065000 0.402000 0.017000 0.717000 0.298000 0.194000 0.067000 2.691000 0.793000 0.962000 1.000000
0.052000 0.582000 7.254000 68.173000 2.934000 0.162000 0.249000 -0.034000 0.311000 0.112000 0.197000 -0.002000 -0.105000 0.354000 0.059000 0.193000 0.132000 56.706000 0.033000 632.292000 0.024000 0.070000 5343.578000 1.504000 0.232000 0.342000 2191.822000 3093.431000 1.843000 5.559000 0.038000 0.858000 0.251000 0.819000 0.019000 0.817000 0.072000 0.657000 0.149000 0.063000 0.273000 0.650000 1.000000 0.646000 0.342000 0.247000 -0.042000 0.464000 0.692000 0.970000 1.000000
0.230000 0.549000 5.453000 103.375000 2.584000 0.234000 0.300000 -0.263000 -0.090000 -0.119000 0.086000 0.168000 0.232000 0.101000 -0.028000 -0.143000 -0.089000 1323.155000 0.240000 1025.897000 0.021000 -0.129000 6289.315000 3.542000 0.278000 0.424000 2946.910000 4084.137000 1.992000 6.317000 0.138000 0.893000 0.714000 0.145000 0.881000 0.988000 0.675000 0.988000 0.171000 0.509000 0.118000 1.000000 0.598000 0.382000 0.367000 0.182000 -0.027000 0.841000 0.795000 0.965000 1.000000
0.176000 0.613000 7.032000 137.497000 2.014000 -0.170000 0.119000 0.129000 0.402000 0.263000 0.028000 -0.318000 -0.254000 -0.056000 0.098000 0.027000 0.100000 650.816000 0.049000 1369.500000 0.026000 -0.079000 6371.347000 2.071000 0.242000 0.496000 2844.799000 3060.586000 1.330000 3.820000 0.025000 0.898000 0.277000 0.635000 0.109000 0.529000 0.408000 0.108000 0.176000 0.206000 1.000000 0.435000 0.630000 0.688000 0.388000 0.205000 -0.125000 1.223000 0.779000 0.971000 1.000000
0.176000 0.572000 7.835000 97.748000 3.039000 0.808000 0.550000 0.196000 0.080000 0.084000 0.099000 0.127000 -0.037000 -0.085000 0.034000 -0.009000 -0.013000 535.701000 -0.244000 595.045000 0.034000 0.025000 6397.275000 2.005000 0.263000 0.344000 2433.463000 3498.210000 1.774000 5.197000 0.042000 0.856000 0.025000 0.001000 0.009000 0.014000 0.025000 0.630000 0.431000 0.527000 1.000000 0.025000 0.407000 0.003000 0.302000 0.247000 0.029000 0.538000 0.626000 0.963000 1.000000
0.052000 0.491000 10.012000 114.614000 3.385000 -1.347000 0.670000 0.568000 0.029000 -0.043000 0.089000 -0.232000 -0.621000 -0.210000 -0.196000 0.172000 -0.171000 11.052000 -0.284000 843.189000 0.036000 0.188000 2320.749000 1.470000 0.142000 0.419000 1507.039000 1410.277000 2.656000 14.693000 0.010000 0.834000 0.530000 0.034000 1.000000 0.035000 0.647000 0.730000 0.026000 0.253000 0.001000 0.587000 0.172000 0.009000 0.321000 0.240000 -0.222000 2.243000 0.717000 0.954000 1.000000
0.155000 0.544000 7.060000 163.456000 2.355000 -0.492000 0.207000 -0.147000 0.062000 -0.024000 0.177000 0.172000 0.196000 -0.194000 -0.162000 -0.078000 -0.102000 647.591000 0.034000 1222.808000 0.030000 0.064000 5312.372000 3.174000 0.225000 0.471000 2625.121000 3156.712000 1.894000 6.119000 0.043000 0.896000 0.381000 0.237000 0.324000 0.039000 0.431000 0.140000 0.338000 0.697000 0.404000 1.000000 0.247000 0.745000 0.358000 0.149000 0.038000 1.035000 0.857000 0.963000 1.000000
0.191000 0.577000 7.858000 164.080000 3.403000 -0.445000 0.698000 -0.191000 -0.034000 0.095000 0.110000 0.254000 0.016000 -0.028000 -0.309000 -0.245000 -0.390000 522.966000 0.208000 663.179000 0.025000 0.005000 2963.717000 2.773000 0.125000 0.306000 1677.493000 2429.418000 2.566000 9.677000 0.029000 0.851000 0.039000 0.034000 0.394000 0.027000 1.000000 0.575000 0.035000 0.179000 0.734000 0.698000 0.047000 0.116000 0.353000 0.183000 -0.085000 1.223000 0.775000 0.968000 1.000000
0.023000 0.574000 9.466000 92.746000 3.248000 -0.104000 0.329000 -0.289000 -0.087000 0.183000 0.116000 -0.102000 0.046000 -0.066000 0.043000 0.052000 -0.233000 10.175000 -0.101000 866.088000 0.033000 -0.083000 6113.474000 1.527000 0.045000 0.384000 2801.079000 4002.397000 2.050000 6.273000 0.124000 0.868000 0.028000 0.000000 0.654000 0.000000 0.852000 0.007000 0.275000 0.007000 0.000000 1.000000 0.159000 0.033000 0.269000 0.218000 0.027000 0.354000 0.596000 0.966000 1.000000
0.070000 0.565000 8.010000 122.246000 2.146000 0.758000 0.599000 -0.084000 0.044000 0.155000 -0.094000 0.123000 -0.127000 -0.195000 0.022000 0.124000 0.115000 91.922000 -0.089000 713.064000 0.025000 0.084000 6614.815000 1.671000 0.148000 0.466000 2905.233000 3533.083000 1.592000 5.080000 0.091000 0.879000 0.000000 0.296000 0.139000 0.000000 0.046000 0.001000 0.538000 1.000000 0.279000 0.073000 0.037000 0.593000 0.410000 0.263000 0.013000 1.922000 0.719000 0.973000 1.000000
0.223000 0.546000 6.073000 155.885000 2.747000 -0.198000 0.083000 0.032000 0.056000 0.026000 -0.014000 0.111000 0.017000 -0.081000 -0.014000 -0.123000 -0.058000 1344.517000 -0.043000 1100.559000 0.023000 0.005000 7021.485000 2.706000 0.269000 0.430000 2963.739000 3905.698000 1.708000 4.872000 0.068000 0.895000 0.946000 0.079000 0.818000 0.569000 0.080000 0.985000 0.156000 1.000000 0.819000 0.149000 0.774000 0.196000 0.381000 0.200000 0.014000 1.495000 0.772000 0.966000 1.000000
0.106000 0.559000 7.986000 104.271000 2.774000 0.100000 0.993000 0.176000 0.029000 -0.245000 0.066000 0.039000 0.248000 0.128000 -0.074000 0.000000 0.164000 254.121000 0.344000 716.145000 0.022000 -0.175000 4724.099000 3.241000 0.222000 0.391000 2372.562000 3458.649000 2.190000 7.224000 0.062000 0.874000 0.359000 0.005000 0.021000 0.000000 0.328000 0.631000 0.140000 0.317000 0.292000 1.000000 0.398000 0.915000 0.311000 0.161000 0.072000 1.922000 0.823000 0.966000 1.000000
0.136000 0.650000 7.496000 148.779000 3.429000 0.717000 0.452000 -0.021000 0.144000 0.088000 -0.045000 0.333000 0.115000 0.175000 -0.007000 0.154000 0.284000 201.434000 -0.035000 481.237000 0.078000 -0.032000 5739.923000 0.936000 0.325000 0.309000 2304.079000 3509.857000 2.060000 6.435000 0.057000 0.845000 0.214000 0.091000 0.058000 0.188000 0.373000 0.001000 0.217000 0.108000 1.000000 0.980000 0.187000 0.703000 0.324000 0.191000 -0.025000 1.495000 0.742000 0.970000 1.000000
0.096000 0.639000 5.918000 114.380000 2.339000 -0.283000 0.615000 -0.006000 0.501000 -0.261000 -0.027000 0.091000 0.295000 0.049000 0.049000 0.205000 0.136000 224.485000 0.261000 879.454000 0.025000 -0.068000 4019.706000 1.303000 0.243000 0.416000 2032.466000 2470.576000 2.288000 9.361000 0.043000 0.871000 0.000000 0.080000 0.309000 0.000000 0.074000 0.044000 0.000000 0.247000 0.044000 1.000000 0.548000 0.001000 0.284000 0.173000 0.144000 1.495000 0.737000 0.963000 1.000000
0.089000 0.510000 6.718000 138.783000 2.674000 -0.600000 0.235000 0.133000 0.498000 0.193000 0.217000 0.118000 -0.144000 -0.077000 0.261000 0.355000 0.060000 220.103000 0.373000 894.240000 0.025000 -0.130000 3958.535000 3.241000 0.077000 0.390000 2097.522000 2760.741000 2.385000 8.918000 0.049000 0.871000 0.115000 0.130000 0.225000 0.000000 0.290000 0.017000 0.012000 0.044000 0.002000 1.000000 0.041000 0.044000 0.348000 0.197000 0.059000 0.673000 0.733000 0.976000 1.000000
0.052000 0.575000 7.544000 103.858000 1.908000 -0.076000 -0.100000 -0.373000 -0.023000 0.119000 -0.033000 0.023000 -0.142000 -0.179000 -0.297000 -0.079000 0.003000 50.360000 0.037000 1356.429000 0.047000 0.230000 8321.616000 1.169000 0.269000 0.605000 3844.218000 3689.618000 1.081000 3.268000 0.079000 0.905000 1.000000 0.019000 0.097000 0.035000 0.005000 0.092000 0.000000 0.982000 0.002000 0.010000 0.245000 0.035000 0.329000 0.257000 -0.089000 0.792000 0.692000 0.967000 1.000000
0.045000 0.618000 6.554000 175.336000 1.805000 0.544000 0.150000 -0.049000 0.148000 0.122000 0.175000 0.152000 -0.126000 -0.171000 0.057000 0.069000 0.049000 51.816000 0.139000 1507.867000 0.031000 0.129000 9348.102000 2.873000 0.315000 0.579000 4098.821000 4221.801000 0.970000 2.840000 0.101000 0.918000 0.556000 0.055000 0.283000 0.293000 0.054000 0.360000 0.015000 0.302000 1.000000 0.301000 0.436000 0.183000 0.363000 0.192000 0.003000 1.495000 0.812000 0.967000 1.000000
0.073000 0.630000 7.822000 160.739000 2.181000 0.045000 0.531000 0.102000 0.013000 -0.173000 -0.128000 0.218000 0.165000 0.101000 0.046000 0.106000 0.006000 114.209000 0.122000 1094.231000 0.047000 -0.069000 6853.846000 1.671000 0.059000 0.517000 3034.670000 3492.533000 1.558000 4.813000 0.082000 0.898000 0.056000 0.082000 0.008000 0.071000 0.445000 0.620000 0.805000 1.000000 0.170000 0.231000 0.001000 0.101000 0.359000 0.222000 -0.003000 0.841000 0.741000 0.965000 1.000000
0.044000 0.582000 6.168000 183.367000 2.620000 0.894000 0.714000 0.242000 0.461000 0.309000 -0.039000 0.129000 0.070000 0.149000 0.164000 -0.003000 -0.064000 42.838000 0.178000 558.563000 0.040000 0.003000 4816.519000 2.071000 0.136000 0.334000 2017.415000 2851.902000 2.038000 7.105000 0.054000 0.834000 0.526000 0.062000 0.017000 0.028000 0.029000 0.385000 0.000000 1.000000 0.409000 0.162000 0.345000 0.000000 0.301000 0.215000 0.167000 2.691000 0.685000 0.963000 1.000000
0.110000 0.622000 7.863000 187.003000 2.810000 0.406000 0.311000 0.098000 0.038000 -0.223000 -0.146000 -0.042000 0.215000 0.243000 0.164000 0.029000 0.275000 223.159000 -0.249000 595.627000 0.046000 -0.159000 5155.646000 1.604000 0.158000 0.365000 2313.335000 3169.557000 2.071000 6.943000 0.049000 0.856000 0.326000 0.000000 0.246000 0.072000 0.219000 0.034000 0.029000 1.000000 0.320000 0.398000 0.444000 0.016000 0.330000 0.219000 -0.143000 1.682000 0.721000 0.964000 1.000000
0.110000 0.622000 7.863000 187.003000 2.810000 0.406000 0.311000 0.098000 0.038000 -0.223000 -0.146000 -0.042000 0.215000 0.243000 0.164000 0.029000 0.275000 223.159000 -0.249000 595.627000 0.046000 -0.159000 5155.646000 1.604000 0.158000 0.365000 2313.335000 3169.557000 2.071000 6.943000 0.049000 0.856000 0.326000 0.000000 0.246000 0.072000 0.219000 0.034000 0.029000 1.000000 0.320000 0.398000 0.444000 0.016000 0.330000 0.219000 -0.143000 1.682000 0.721000 0.964000 1.000000
0.246000 0.605000 6.965000 106.127000 2.504000 0.010000 0.531000 -0.022000 0.110000 0.214000 0.104000 -0.049000 -0.045000 -0.069000 -0.184000 -0.049000 0.111000 1187.979000 0.004000 872.461000 0.031000 0.059000 4902.988000 2.673000 0.264000 0.399000 2260.706000 2994.811000 1.979000 6.615000 0.045000 0.875000 0.137000 0.683000 0.308000 0.054000 0.246000 0.044000 0.423000 0.846000 0.665000 0.451000 0.541000 1.000000 0.371000 0.183000 0.146000 0.897000 0.779000 0.969000 1.000000
0.205000 0.517000 5.754000 136.335000 2.151000 -0.397000 1.109000 -0.035000 0.210000 0.063000 0.252000 0.004000 0.059000 0.126000 -0.085000 -0.029000 -0.044000 702.507000 0.062000 948.788000 0.028000 -0.001000 3905.227000 3.308000 0.073000 0.499000 2113.413000 2254.117000 1.899000 7.180000 0.018000 0.882000 0.134000 0.001000 0.143000 0.243000 0.166000 0.504000 0.259000 0.982000 1.000000 0.416000 0.614000 0.183000 0.300000 0.177000 0.112000 0.641000 0.725000 0.967000 1.000000
0.122000 0.531000 6.383000 151.399000 2.969000 -0.848000 0.196000 -0.481000 -0.044000 -0.168000 -0.007000 -0.047000 -0.093000 -0.029000 0.037000 0.057000 0.175000 390.078000 0.429000 1125.018000 0.034000 -0.084000 3133.207000 3.174000 0.173000 0.382000 1766.095000 1990.390000 2.565000 10.847000 0.019000 0.867000 0.313000 0.295000 0.960000 0.270000 0.777000 0.236000 0.492000 1.000000 0.372000 0.857000 0.164000 0.980000 0.338000 0.219000 -0.079000 1.682000 0.707000 0.969000 1.000000
0.144000 0.604000 8.417000 187.111000 2.182000 1.152000 0.757000 0.123000 0.434000 0.619000 0.326000 0.175000 -0.055000 0.147000 -0.011000 -0.048000 -0.151000 367.476000 0.142000 601.605000 0.025000 -0.170000 5762.529000 2.071000 0.186000 0.391000 2376.672000 3107.766000 1.675000 5.394000 0.044000 0.850000 0.046000 0.000000 0.247000 0.066000 0.076000 0.304000 0.013000 0.335000 0.204000 1.000000 0.698000 0.027000 0.379000 0.231000 -0.140000 1.922000 0.749000 0.969000 1.000000
0.105000 0.585000 9.276000 124.133000 2.669000 0.985000 0.155000 0.016000 0.454000 0.030000 0.329000 0.103000 0.248000 0.099000 0.216000 0.268000 0.295000 82.101000 -0.111000 751.761000 0.046000 0.047000 6420.596000 1.136000 0.051000 0.383000 2638.893000 3490.444000 1.619000 4.796000 0.059000 0.868000 0.475000 0.002000 0.355000 0.111000 0.055000 0.082000 0.085000 0.602000 0.960000 0.826000 1.000000 0.053000 0.419000 0.238000 0.029000 1.922000 0.769000 0.968000 1.000000
0.121000 0.565000 7.330000 175.096000 3.928000 0.233000 0.282000 0.317000 0.214000 -0.105000 -0.145000 0.230000 0.359000 -0.089000 0.249000 0.031000 -0.138000 236.450000 0.004000 579.226000 0.030000 0.063000 2930.787000 1.871000 0.284000 0.239000 1700.433000 2940.725000 2.696000 9.838000 0.044000 0.836000 0.741000 0.141000 0.609000 0.142000 0.339000 0.138000 1.000000 0.775000 0.218000 0.460000 0.068000 0.646000 0.322000 0.235000 0.070000 1.682000 0.669000 0.964000 1.000000
0.053000 0.604000 6.453000 104.620000 5.354000 -0.939000 0.148000 -0.683000 -0.494000 -0.195000 0.130000 0.243000 0.208000 -0.384000 -0.433000 -0.152000 0.098000 31.732000 -0.099000 642.099000 0.045000 0.102000 1403.401000 1.169000 0.191000 0.122000 965.294000 1075.465000 6.901000 76.619000 0.014000 0.771000 0.000000 0.195000 0.030000 0.737000 0.000000 0.501000 0.983000 0.000000 0.414000 0.000000 1.000000 0.179000 0.433000 0.299000 0.003000 0.841000 0.703000 0.966000 1.000000
0.097000 0.542000 15.547000 65.153000 1.955000 -0.309000 1.096000 0.213000 0.281000 0.152000 0.117000 0.188000 0.209000 0.307000 -0.048000 -0.098000 -0.207000 133.067000 -0.331000 1084.424000 0.045000 0.075000 3780.171000 1.403000 0.064000 0.504000 1991.208000 1892.030000 1.493000 5.875000 0.014000 0.855000 0.076000 0.137000 0.361000 0.350000 0.123000 0.569000 1.000000 0.672000 0.004000 0.001000 0.289000 0.008000 0.265000 0.214000 -0.051000 1.495000 0.677000 0.969000 1.000000
0.080000 0.527000 4.931000 161.241000 2.167000 -0.242000 0.314000 -0.204000 0.124000 -0.030000 0.035000 -0.089000 0.026000 0.129000 0.067000 0.144000 0.219000 167.346000 -0.126000 1360.309000 0.023000 0.031000 4834.667000 3.876000 0.095000 0.495000 2449.937000 2617.857000 1.819000 6.545000 0.043000 0.891000 0.724000 0.034000 0.832000 0.058000 0.121000 0.053000 0.065000 0.472000 0.143000 0.817000 0.331000 1.000000 0.302000 0.197000 -0.054000 2.243000 0.726000 0.970000 1.000000
0.168000 0.609000 6.495000 100.960000 2.440000 -0.128000 0.547000 0.098000 0.296000 0.071000 0.055000 0.056000 -0.050000 -0.155000 -0.128000 -0.106000 -0.054000 341.447000 0.140000 1159.136000 0.033000 -0.006000 6597.593000 2.172000 0.081000 0.470000 2951.012000 3748.017000 1.726000 5.072000 0.063000 0.895000 0.030000 0.191000 0.319000 0.238000 0.686000 0.530000 0.853000 0.828000 0.121000 1.000000 0.721000 0.224000 0.313000 0.193000 0.058000 0.538000 0.687000 0.965000 1.000000
0.131000 0.552000 10.261000 151.685000 1.708000 0.729000 0.831000 0.334000 0.258000 0.080000 0.111000 0.171000 0.356000 0.169000 0.012000 -0.100000 -0.119000 266.970000 0.382000 889.745000 0.032000 -0.355000 7975.171000 2.673000 0.239000 0.495000 3221.866000 3749.402000 1.150000 3.264000 0.055000 0.889000 0.016000 0.073000 0.558000 0.851000 0.469000 1.000000 0.237000 0.051000 0.024000 0.005000 0.061000 0.016000 0.325000 0.189000 0.055000 1.495000 0.751000 0.967000 1.000000
0.309000 0.489000 5.484000 111.469000 2.490000 -0.070000 0.535000 0.097000 0.236000 0.116000 0.152000 0.239000 0.050000 -0.015000 -0.286000 -0.187000 -0.074000 1507.010000 0.120000 878.655000 0.023000 0.007000 4131.494000 4.444000 0.096000 0.406000 1976.046000 2278.319000 1.703000 5.496000 0.015000 0.870000 0.340000 0.009000 0.882000 0.174000 0.160000 0.152000 1.000000 0.965000 0.102000 0.765000 0.246000 0.149000 0.265000 0.173000 0.050000 2.691000 0.736000 0.965000 1.000000
0.024000 0.546000 6.502000 108.972000 2.796000 -0.371000 -0.199000 -0.308000 0.145000 0.196000 0.200000 0.081000 0.221000 -0.184000 -0.178000 0.059000 -0.052000 12.698000 0.208000 1002.486000 0.035000 -0.240000 4580.558000 2.639000 0.231000 0.380000 2253.682000 2774.750000 2.163000 7.703000 0.059000 0.876000 0.007000 0.160000 0.094000 0.094000 0.192000 0.008000 0.512000 0.318000 0.074000 0.523000 0.251000 1.000000 0.375000 0.213000 -0.091000 1.922000 0.786000 0.964000 1.000000
0.057000 0.573000 5.797000 182.168000 2.695000 -0.666000 0.094000 -0.169000 0.248000 0.246000 0.571000 0.601000 0.188000 -0.278000 -0.058000 -0.052000 -0.222000 59.289000 0.044000 834.198000 0.064000 -0.385000 3362.376000 0.535000 0.029000 0.373000 1791.116000 2298.725000 2.257000 8.247000 0.023000 0.851000 0.222000 0.206000 0.008000 0.451000 0.008000 0.326000 0.172000 0.133000 1.000000 0.033000 0.483000 0.000000 0.331000 0.196000 -0.051000 1.223000 0.742000 0.974000 1.000000
0.097000 0.565000 6.657000 104.424000 2.632000 0.081000 0.684000 -0.157000 0.181000 0.151000 0.148000 0.104000 0.187000 0.082000 -0.221000 -0.123000 -0.129000 222.960000 -0.159000 678.464000 0.026000 0.081000 3824.793000 2.974000 0.238000 0.365000 1784.547000 2201.601000 1.840000 6.155000 0.013000 0.858000 0.396000 0.224000 0.979000 0.202000 0.229000 0.633000 0.033000 0.611000 0.073000 1.000000 0.381000 0.055000 0.394000 0.230000 0.044000 1.346000 0.743000 0.965000 1.000000
0.125000 0.601000 8.618000 102.582000 1.676000 0.759000 0.714000 0.081000 -0.018000 -0.012000 -0.265000 0.040000 0.539000 0.090000 0.208000 0.147000 0.014000 196.580000 0.056000 1378.808000 0.038000 0.000000 6078.356000 1.637000 0.367000 0.501000 2820.171000 3115.083000 1.340000 4.297000 0.046000 0.884000 0.268000 0.009000 0.039000 0.296000 0.545000 0.495000 0.368000 0.004000 0.112000 0.635000 1.000000 0.948000 0.330000 0.238000 0.294000 1.682000 0.733000 0.961000 1.000000
0.212000 0.534000 5.555000 67.947000 2.670000 0.108000 0.535000 0.150000 0.032000 0.266000 0.098000 -0.056000 -0.168000 -0.078000 -0.174000 -0.179000 -0.044000 842.403000 0.121000 741.720000 0.026000 0.072000 5099.269000 3.274000 0.103000 0.386000 2193.296000 2859.116000 1.857000 5.921000 0.036000 0.872000 0.398000 0.024000 0.186000 0.091000 0.136000 0.538000 0.135000 1.000000 0.128000 0.842000 0.238000 0.069000 0.377000 0.234000 -0.040000 2.243000 0.728000 0.967000 1.000000
0.092000 0.579000 7.516000 132.049000 2.419000 -0.350000 0.359000 0.319000 0.436000 0.474000 0.319000 0.043000 0.008000 -0.006000 -0.081000 -0.035000 -0.015000 143.049000 0.123000 910.758000 0.032000 0.031000 3808.622000 3.441000 0.315000 0.394000 1835.424000 2022.997000 1.706000 5.842000 0.014000 0.864000 0.837000 0.506000 0.661000 1.000000 0.491000 0.043000 0.071000 0.156000 0.206000 0.149000 0.389000 0.260000 0.340000 0.166000 -0.092000 2.243000 0.814000 0.968000 1.000000
0.060000 0.506000 23.475000 76.362000 0.660000 -0.465000 -0.870000 -1.093000 0.262000 -0.728000 -0.936000 -0.661000 -0.249000 0.393000 0.494000 0.129000 -0.024000 33.358000 -0.027000 1641.289000 0.038000 0.126000 5536.178000 2.706000 0.158000 0.595000 3024.213000 2317.550000 0.943000 3.470000 0.019000 0.873000 1.000000 0.000000 0.299000 0.084000 0.450000 0.630000 0.000000 0.001000 0.000000 0.000000 0.111000 0.000000 0.284000 0.274000 0.129000 0.961000 0.562000 0.967000 1.000000
0.095000 0.578000 5.608000 87.870000 3.624000 -0.365000 0.824000 -0.120000 0.222000 0.196000 -0.047000 -0.392000 -0.460000 -0.319000 -0.196000 0.121000 0.250000 145.312000 0.196000 599.490000 0.036000 -0.002000 2475.288000 1.838000 0.171000 0.281000 1471.618000 2048.426000 3.338000 16.218000 0.028000 0.819000 0.103000 0.000000 1.000000 0.000000 0.198000 0.331000 0.000000 0.227000 0.000000 0.273000 0.000000 0.024000 0.329000 0.245000 0.082000 1.121000 0.674000 0.975000 1.000000
0.025000 0.675000 10.230000 156.274000 3.863000 0.551000 1.161000 -0.014000 0.082000 -0.165000 0.109000 0.098000 0.093000 0.451000 0.242000 0.051000 0.337000 3.410000 0.078000 329.100000 0.121000 -0.277000 1977.879000 0.234000 0.226000 0.178000 1121.597000 2046.077000 3.831000 20.254000 0.038000 0.793000 0.420000 0.000000 0.171000 0.090000 0.407000 0.131000 0.460000 1.000000 0.484000 0.547000 0.006000 0.050000 0.327000 0.253000 0.069000 2.243000 0.666000 0.963000 1.000000
0.102000 0.531000 5.942000 103.733000 2.790000 -1.359000 0.585000 0.222000 0.216000 0.204000 0.324000 0.227000 0.085000 0.041000 -0.114000 0.113000 -0.159000 255.562000 0.070000 1157.304000 0.043000 -0.011000 2811.198000 2.138000 0.084000 0.463000 1697.272000 1448.315000 1.988000 9.326000 0.008000 0.863000 0.259000 0.256000 0.312000 0.177000 0.114000 0.106000 0.407000 0.037000 0.258000 0.360000 1.000000 0.739000 0.301000 0.184000 -0.138000 0.673000 0.722000 0.969000 1.000000
0.106000 0.552000 6.569000 72.148000 2.336000 0.106000 0.861000 0.121000 0.363000 -0.050000 -0.072000 -0.058000 0.027000 -0.039000 -0.068000 -0.010000 -0.010000 242.898000 0.109000 1183.162000 0.027000 -0.011000 4415.947000 2.406000 0.096000 0.447000 2147.237000 2361.127000 1.577000 5.127000 0.018000 0.883000 0.903000 0.526000 0.672000 0.296000 0.424000 0.568000 0.690000 0.900000 0.853000 1.000000 0.949000 0.738000 0.374000 0.197000 -0.088000 2.243000 0.800000 0.967000 1.000000
0.151000 0.603000 7.256000 86.176000 2.980000 0.044000 0.224000 0.094000 0.172000 0.286000 0.011000 0.125000 0.042000 0.082000 -0.021000 0.079000 0.161000 363.952000 -0.023000 614.709000 0.038000 0.258000 5974.560000 1.303000 0.184000 0.344000 2313.736000 3292.479000 1.811000 5.338000 0.040000 0.865000 0.260000 0.636000 0.072000 0.120000 0.062000 0.055000 0.042000 0.227000 1.000000 0.726000 0.503000 0.587000 0.319000 0.189000 -0.000000 0.538000 0.772000 0.963000 1.000000
0.033000 0.579000 8.254000 177.700000 2.663000 -0.124000 0.095000 -0.283000 0.130000 0.131000 -0.004000 0.339000 0.200000 0.104000 -0.020000 0.205000 0.171000 15.361000 -0.114000 1265.716000 0.032000 -0.053000 7918.226000 2.038000 0.261000 0.485000 3264.430000 3741.589000 1.410000 4.012000 0.091000 0.894000 0.856000 0.015000 0.021000 0.167000 0.422000 0.000000 0.227000 0.422000 0.212000 0.654000 0.151000 1.000000 0.351000 0.235000 -0.115000 2.691000 0.741000 0.966000 1.000000
0.107000 0.492000 7.463000 153.233000 1.733000 1.068000 0.567000 0.110000 0.296000 -0.129000 0.110000 0.266000 0.010000 0.308000 0.157000 0.137000 0.062000 288.278000 0.243000 1087.954000 0.023000 0.015000 7369.339000 3.943000 0.118000 0.553000 3435.854000 3575.284000 1.116000 3.406000 0.063000 0.894000 0.013000 0.000000 0.173000 0.031000 0.001000 0.051000 0.526000 1.000000 0.052000 0.618000 0.015000 0.000000 0.393000 0.224000 -0.028000 2.243000 0.781000 0.971000 1.000000
0.094000 0.601000 7.312000 182.164000 2.865000 0.525000 0.373000 -0.041000 0.106000 -0.075000 0.191000 0.271000 0.367000 0.216000 0.338000 0.008000 0.031000 151.488000 -0.272000 564.840000 0.037000 -0.076000 5053.111000 2.138000 0.278000 0.351000 2229.643000 3094.064000 2.012000 6.548000 0.048000 0.849000 0.000000 0.396000 0.010000 0.048000 0.001000 0.012000 0.135000 0.008000 1.000000 0.388000 0.003000 0.166000 0.316000 0.215000 0.051000 0.585000 0.693000 0.968000 1.000000
0.205000 0.517000 5.754000 136.335000 2.151000 -0.397000 1.109000 -0.035000 0.210000 0.063000 0.252000 0.004000 0.059000 0.126000 -0.085000 -0.029000 -0.044000 702.507000 0.062000 948.788000 0.028000 -0.001000 3905.227000 3.308000 0.073000 0.499000 2113.413000 2254.117000 1.899000 7.180000 0.018000 0.882000 0.134000 0.001000 0.143000 0.243000 0.166000 0.504000 0.259000 0.982000 1.000000 0.416000 0.614000 0.183000 0.300000 0.177000 0.112000 0.641000 0.725000 0.967000 1.000000
0.083000 0.522000 6.723000 103.759000 2.452000 0.256000 0.371000 0.139000 0.404000 0.232000 0.028000 0.071000 0.055000 -0.120000 0.393000 0.261000 0.177000 88.762000 0.004000 1106.153000 0.024000 -0.149000 10562.751000 2.807000 0.045000 0.540000 4206.569000 4611.590000 0.999000 2.634000 0.088000 0.900000 0.025000 0.001000 0.008000 0.000000 0.260000 0.032000 0.028000 0.409000 0.168000 1.000000 0.181000 0.108000 0.352000 0.200000 -0.023000 2.243000 0.799000 0.965000 1.000000
0.064000 0.588000 7.704000 101.169000 2.334000 0.465000 0.447000 -0.362000 0.249000 -0.066000 -0.124000 0.384000 0.134000 0.250000 0.098000 0.147000 0.078000 49.544000 0.177000 1003.036000 0.055000 -0.006000 5730.145000 1.504000 0.107000 0.448000 2641.229000 3176.303000 1.790000 5.954000 0.065000 0.869000 0.121000 0.014000 0.044000 0.021000 0.133000 0.167000 1.000000 0.748000 0.111000 0.178000 0.003000 0.224000 0.333000 0.232000 0.013000 1.922000 0.712000 0.969000 1.000000
