3.000000 0.660000 0.340000 0.383000 1.563000
3.000000 0.680000 0.320000 0.372000 1.552000
3.000000 0.700000 0.300000 0.360000 1.540000
3.000000 0.720000 0.280000 0.338000 1.518000
3.000000 0.740000 0.260000 0.317000 1.497000
3.000000 0.760000 0.240000 0.301000 1.481000
3.000000 0.780000 0.220000 0.290000 1.470000
3.000000 0.800000 0.200000 0.280000 1.460000
3.000000 0.820000 0.180000 0.250000 1.430000
3.000000 0.840000 0.160000 0.221000 1.401000
3.000000 0.860000 0.140000 0.192000 1.372000
3.000000 0.880000 0.120000 0.165000 1.345000
3.000000 0.900000 0.100000 0.138000 1.318000
3.000000 0.920000 0.080000 0.098000 1.278000
3.000000 0.940000 0.060000 0.057000 1.237000
3.000000 0.960000 0.040000 0.037000 1.217000
3.000000 0.980000 0.020000 0.037000 1.217000
3.000000 1.000000 0.000000 0.037000 1.217000
3.100000 0.660000 0.340000 0.397000 1.577000
3.100000 0.680000 0.320000 0.414000 1.594000
3.100000 0.700000 0.300000 0.442000 1.622000
3.100000 0.720000 0.280000 0.369000 1.549000
3.100000 0.740000 0.260000 0.385000 1.565000
3.100000 0.760000 0.240000 0.310000 1.490000
3.100000 0.780000 0.220000 0.325000 1.505000
3.100000 0.800000 0.200000 0.349000 1.529000
3.100000 0.820000 0.180000 0.270000 1.450000
3.100000 0.840000 0.160000 0.277000 1.457000
3.100000 0.860000 0.140000 0.193000 1.373000
3.100000 0.880000 0.120000 0.200000 1.380000
3.100000 0.900000 0.100000 0.216000 1.396000
3.100000 0.920000 0.080000 0.118000 1.298000
3.100000 0.940000 0.060000 0.124000 1.304000
3.100000 0.960000 0.040000 0.139000 1.319000
3.100000 0.980000 0.020000 0.139000 1.319000
3.100000 1.000000 0.000000 0.139000 1.319000
3.200000 0.660000 0.340000 0.393000 1.573000
3.200000 0.680000 0.320000 0.409000 1.589000
3.200000 0.700000 0.300000 0.436000 1.616000
3.200000 0.720000 0.280000 0.361000 1.541000
3.200000 0.740000 0.260000 0.377000 1.557000
3.200000 0.760000 0.240000 0.306000 1.486000
3.200000 0.780000 0.220000 0.318000 1.498000
3.200000 0.800000 0.200000 0.338000 1.518000
3.200000 0.820000 0.180000 0.258000 1.438000
3.200000 0.840000 0.160000 0.266000 1.446000
3.200000 0.860000 0.140000 0.183000 1.363000
3.200000 0.880000 0.120000 0.189000 1.369000
3.200000 0.900000 0.100000 0.202000 1.382000
3.200000 0.920000 0.080000 0.102000 1.282000
3.200000 0.940000 0.060000 0.110000 1.290000
3.200000 0.960000 0.040000 0.118000 1.298000
3.200000 0.980000 0.020000 0.118000 1.298000
3.200000 1.000000 0.000000 0.118000 1.298000
3.300000 0.660000 0.340000 0.389000 1.569000
3.300000 0.680000 0.320000 0.405000 1.585000
3.300000 0.700000 0.300000 0.430000 1.610000
3.300000 0.720000 0.280000 0.355000 1.535000
3.300000 0.740000 0.260000 0.369000 1.549000
3.300000 0.760000 0.240000 0.303000 1.483000
3.300000 0.780000 0.220000 0.312000 1.492000
3.300000 0.800000 0.200000 0.328000 1.508000
3.300000 0.820000 0.180000 0.250000 1.430000
3.300000 0.840000 0.160000 0.255000 1.435000
3.300000 0.860000 0.140000 0.174000 1.354000
3.300000 0.880000 0.120000 0.181000 1.361000
3.300000 0.900000 0.100000 0.188000 1.368000
3.300000 0.920000 0.080000 0.091000 1.271000
3.300000 0.940000 0.060000 0.095000 1.275000
3.300000 0.960000 0.040000 0.098000 1.278000
3.300000 0.980000 0.020000 0.098000 1.278000
3.300000 1.000000 0.000000 0.098000 1.278000
3.400000 0.660000 0.340000 0.385000 1.565000
3.400000 0.680000 0.320000 0.402000 1.582000
3.400000 0.700000 0.300000 0.424000 1.604000
3.400000 0.720000 0.280000 0.345000 1.525000
3.400000 0.740000 0.260000 0.361000 1.541000
3.400000 0.760000 0.240000 0.299000 1.479000
3.400000 0.780000 0.220000 0.306000 1.486000
3.400000 0.800000 0.200000 0.317000 1.497000
3.400000 0.820000 0.180000 0.238000 1.418000
3.400000 0.840000 0.160000 0.245000 1.425000
3.400000 0.860000 0.140000 0.164000 1.344000
3.400000 0.880000 0.120000 0.170000 1.350000
3.400000 0.900000 0.100000 0.174000 1.354000
3.400000 0.920000 0.080000 0.074000 1.254000
3.400000 0.940000 0.060000 0.080000 1.260000
3.400000 0.960000 0.040000 0.077000 1.257000
3.400000 0.980000 0.020000 0.077000 1.257000
3.400000 1.000000 0.000000 0.077000 1.257000
3.500000 0.660000 0.340000 0.372000 1.552000
3.500000 0.680000 0.320000 0.395000 1.575000
3.500000 0.700000 0.300000 0.418000 1.598000
3.500000 0.720000 0.280000 0.328000 1.508000
3.500000 0.740000 0.260000 0.349000 1.529000
3.500000 0.760000 0.240000 0.285000 1.465000
3.500000 0.780000 0.220000 0.296000 1.476000
3.500000 0.800000 0.200000 0.306000 1.486000
3.500000 0.820000 0.180000 0.216000 1.396000
3.500000 0.840000 0.160000 0.225000 1.405000
3.500000 0.860000 0.140000 0.142000 1.322000
3.500000 0.880000 0.120000 0.151000 1.331000
3.500000 0.900000 0.100000 0.160000 1.340000
3.500000 0.920000 0.080000 0.045000 1.225000
3.500000 0.940000 0.060000 0.052000 1.232000
3.500000 0.960000 0.040000 0.056000 1.236000
3.500000 0.980000 0.020000 0.056000 1.236000
3.500000 1.000000 0.000000 0.056000 1.236000
3.600000 0.660000 0.340000 0.457000 1.637000
3.600000 0.680000 0.320000 0.476000 1.656000
3.800000 0.920000 0.080000 0.112000 1.292000
3.800000 0.940000 0.060000 0.116000 1.296000
3.800000 0.960000 0.040000 0.119000 1.299000
3.800000 0.980000 0.020000 0.119000 1.299000
3.800000 1.000000 0.000000 0.119000 1.299000
3.700000 0.920000 0.080000 0.123000 1.303000
3.700000 0.940000 0.060000 0.131000 1.311000
3.600000 0.920000 0.080000 0.140000 1.320000
3.700000 0.960000 0.040000 0.140000 1.320000
3.700000 0.980000 0.020000 0.140000 1.320000
3.700000 1.000000 0.000000 0.140000 1.320000
3.600000 0.940000 0.060000 0.146000 1.326000
3.600000 0.960000 0.040000 0.162000 1.342000
3.600000 0.980000 0.020000 0.162000 1.342000
3.600000 1.000000 0.000000 0.162000 1.342000
3.800000 0.860000 0.140000 0.200000 1.380000
3.700000 0.860000 0.140000 0.210000 1.390000
3.800000 0.880000 0.120000 0.210000 1.390000
3.600000 0.860000 0.140000 0.220000 1.400000
3.700000 0.880000 0.120000 0.221000 1.401000
3.800000 0.900000 0.100000 0.222000 1.402000
3.600000 0.880000 0.120000 0.235000 1.415000
3.700000 0.900000 0.100000 0.241000 1.421000
3.600000 0.900000 0.100000 0.261000 1.441000
3.800000 0.820000 0.180000 0.287000 1.467000
3.700000 0.820000 0.180000 0.295000 1.475000
3.800000 0.840000 0.160000 0.299000 1.479000
3.600000 0.820000 0.180000 0.307000 1.487000
3.700000 0.840000 0.160000 0.311000 1.491000
3.600000 0.840000 0.160000 0.322000 1.502000
3.800000 0.760000 0.240000 0.345000 1.525000
3.700000 0.760000 0.240000 0.353000 1.533000
3.600000 0.760000 0.240000 0.361000 1.541000
3.800000 0.780000 0.220000 0.361000 1.541000
3.700000 0.780000 0.220000 0.367000 1.547000
3.600000 0.780000 0.220000 0.377000 1.557000
3.800000 0.800000 0.200000 0.383000 1.563000
3.700000 0.800000 0.200000 0.395000 1.575000
3.600000 0.800000 0.200000 0.406000 1.586000
3.800000 0.720000 0.280000 0.412000 1.592000
3.700000 0.720000 0.280000 0.419000 1.599000
3.600000 0.720000 0.280000 0.427000 1.607000
3.800000 0.740000 0.260000 0.427000 1.607000
3.700000 0.740000 0.260000 0.436000 1.616000
3.900000 0.660000 0.340000 0.444000 1.624000
3.600000 0.740000 0.260000 0.445000 1.625000
3.800000 0.660000 0.340000 0.449000 1.629000
3.700000 0.660000 0.340000 0.453000 1.633000
3.900000 0.680000 0.320000 0.462000 1.642000
3.800000 0.680000 0.320000 0.466000 1.646000
3.700000 0.680000 0.320000 0.470000 1.650000
3.900000 0.700000 0.300000 0.486000 1.666000
3.800000 0.700000 0.300000 0.492000 1.672000
3.700000 0.700000 0.300000 0.499000 1.679000
3.600000 0.700000 0.300000 0.505000 1.685000
3.900000 0.720000 0.280000 0.402000 1.582000
3.900000 0.740000 0.260000 0.418000 1.598000
3.900000 0.760000 0.240000 0.337000 1.517000
3.900000 0.780000 0.220000 0.353000 1.533000
3.900000 0.800000 0.200000 0.372000 1.552000
3.900000 0.820000 0.180000 0.274000 1.454000
3.900000 0.840000 0.160000 0.288000 1.468000
4.000000 0.920000 0.080000 0.064000 1.244000
4.000000 0.940000 0.060000 0.072000 1.252000
4.000000 0.960000 0.040000 0.076000 1.256000
4.000000 0.980000 0.020000 0.076000 1.256000
4.000000 1.000000 0.000000 0.076000 1.256000
3.900000 0.920000 0.080000 0.095000 1.275000
3.900000 0.960000 0.040000 0.097000 1.277000
3.900000 0.980000 0.020000 0.097000 1.277000
3.900000 1.000000 0.000000 0.097000 1.277000
3.900000 0.940000 0.060000 0.100000 1.280000
4.100000 0.920000 0.080000 0.162000 1.342000
4.000000 0.860000 0.140000 0.165000 1.345000
4.100000 0.940000 0.060000 0.168000 1.348000
4.000000 0.880000 0.120000 0.174000 1.354000
4.000000 0.900000 0.100000 0.183000 1.363000
4.100000 0.960000 0.040000 0.184000 1.364000
4.100000 0.980000 0.020000 0.184000 1.364000
4.100000 1.000000 0.000000 0.184000 1.364000
3.900000 0.860000 0.140000 0.190000 1.370000
3.900000 0.880000 0.120000 0.197000 1.377000
3.900000 0.900000 0.100000 0.202000 1.382000
4.000000 0.820000 0.180000 0.250000 1.430000
4.100000 0.860000 0.140000 0.263000 1.443000
4.000000 0.840000 0.160000 0.270000 1.450000
4.100000 0.880000 0.120000 0.278000 1.458000
4.100000 0.900000 0.100000 0.308000 1.488000
4.000000 0.760000 0.240000 0.317000 1.497000
4.000000 0.780000 0.220000 0.338000 1.518000
4.000000 0.800000 0.200000 0.360000 1.540000
4.100000 0.820000 0.180000 0.361000 1.541000
4.100000 0.840000 0.160000 0.378000 1.558000
4.000000 0.720000 0.280000 0.383000 1.563000
4.000000 0.740000 0.260000 0.406000 1.586000
4.100000 0.760000 0.240000 0.418000 1.598000
4.000000 0.660000 0.340000 0.430000 1.610000
4.100000 0.780000 0.220000 0.436000 1.616000
4.000000 0.680000 0.320000 0.455000 1.635000
4.100000 0.800000 0.200000 0.467000 1.647000
4.000000 0.700000 0.300000 0.479000 1.659000
4.100000 0.720000 0.280000 0.489000 1.669000
4.100000 0.740000 0.260000 0.508000 1.688000
4.200000 0.660000 0.340000 0.517000 1.697000
4.100000 0.660000 0.340000 0.522000 1.702000
4.200000 0.680000 0.320000 0.534000 1.714000
4.100000 0.680000 0.320000 0.541000 1.721000
4.100000 0.700000 0.300000 0.572000 1.752000
4.300000 0.920000 0.080000 0.133000 1.313000
4.300000 0.940000 0.060000 0.137000 1.317000
4.300000 0.960000 0.040000 0.140000 1.320000
4.300000 0.980000 0.020000 0.140000 1.320000
4.300000 1.000000 0.000000 0.140000 1.320000
4.200000 0.920000 0.080000 0.145000 1.325000
4.200000 0.940000 0.060000 0.153000 1.333000
4.200000 0.960000 0.040000 0.162000 1.342000
4.200000 0.980000 0.020000 0.162000 1.342000
4.200000 1.000000 0.000000 0.162000 1.342000
4.300000 0.860000 0.140000 0.235000 1.415000
4.300000 0.880000 0.120000 0.246000 1.426000
4.200000 0.860000 0.140000 0.249000 1.429000
4.300000 0.900000 0.100000 0.257000 1.437000
4.200000 0.880000 0.120000 0.260000 1.440000
4.200000 0.900000 0.100000 0.282000 1.462000
4.300000 0.820000 0.180000 0.340000 1.520000
4.200000 0.820000 0.180000 0.349000 1.529000
4.300000 0.840000 0.160000 0.354000 1.534000
4.200000 0.840000 0.160000 0.366000 1.546000
4.300000 0.760000 0.240000 0.402000 1.582000
4.200000 0.760000 0.240000 0.410000 1.590000
4.300000 0.780000 0.220000 0.419000 1.599000
4.200000 0.780000 0.220000 0.425000 1.605000
4.300000 0.800000 0.200000 0.442000 1.622000
4.200000 0.800000 0.200000 0.455000 1.635000
4.300000 0.720000 0.280000 0.473000 1.653000
4.200000 0.720000 0.280000 0.480000 1.660000
4.300000 0.740000 0.260000 0.489000 1.669000
4.200000 0.740000 0.260000 0.499000 1.679000
4.300000 0.660000 0.340000 0.512000 1.692000
4.300000 0.680000 0.320000 0.531000 1.711000
4.300000 0.700000 0.300000 0.559000 1.739000
4.200000 0.700000 0.300000 0.565000 1.745000
4.400000 0.660000 0.340000 0.507000 1.687000
4.400000 0.680000 0.320000 0.526000 1.706000
4.400000 0.700000 0.300000 0.552000 1.732000
4.400000 0.720000 0.280000 0.462000 1.642000
4.400000 0.740000 0.260000 0.480000 1.660000
4.400000 0.760000 0.240000 0.394000 1.574000
4.400000 0.780000 0.220000 0.410000 1.590000
4.400000 0.800000 0.200000 0.430000 1.610000
4.400000 0.820000 0.180000 0.326000 1.506000
4.400000 0.840000 0.160000 0.341000 1.521000
4.400000 0.860000 0.140000 0.222000 1.402000
4.400000 0.880000 0.120000 0.228000 1.408000
4.400000 0.900000 0.100000 0.231000 1.411000
4.400000 0.920000 0.080000 0.116000 1.296000
4.400000 0.940000 0.060000 0.121000 1.301000
4.400000 0.960000 0.040000 0.118000 1.298000
4.400000 0.980000 0.020000 0.118000 1.298000
4.400000 1.000000 0.000000 0.118000 1.298000
4.500000 0.660000 0.340000 0.492000 1.672000
4.500000 0.680000 0.320000 0.519000 1.699000
4.500000 0.700000 0.300000 0.545000 1.725000
4.500000 0.720000 0.280000 0.442000 1.622000
4.500000 0.740000 0.260000 0.467000 1.647000
4.500000 0.760000 0.240000 0.372000 1.552000
4.500000 0.780000 0.220000 0.395000 1.575000
4.500000 0.800000 0.200000 0.418000 1.598000
4.500000 0.820000 0.180000 0.301000 1.481000
4.500000 0.840000 0.160000 0.322000 1.502000
4.500000 0.860000 0.140000 0.188000 1.368000
4.500000 0.880000 0.120000 0.197000 1.377000
4.500000 0.900000 0.100000 0.206000 1.386000
4.500000 0.920000 0.080000 0.084000 1.264000
4.500000 0.940000 0.060000 0.092000 1.272000
4.500000 0.960000 0.040000 0.096000 1.276000
4.500000 0.980000 0.020000 0.096000 1.276000
4.500000 1.000000 0.000000 0.096000 1.276000
4.600000 0.660000 0.340000 0.590000 1.770000
4.600000 0.680000 0.320000 0.610000 1.790000
4.600000 0.700000 0.300000 0.644000 1.824000
4.600000 0.720000 0.280000 0.556000 1.736000
4.600000 0.740000 0.260000 0.576000 1.756000
4.600000 0.760000 0.240000 0.475000 1.655000
4.600000 0.780000 0.220000 0.494000 1.674000
4.600000 0.800000 0.200000 0.526000 1.706000
4.600000 0.820000 0.180000 0.406000 1.586000
4.600000 0.840000 0.160000 0.415000 1.595000
4.600000 0.870000 0.130000 0.308000 1.488000
4.600000 0.890000 0.110000 0.316000 1.496000
4.600000 0.910000 0.090000 0.181000 1.361000
4.600000 0.930000 0.070000 0.188000 1.368000
4.600000 0.950000 0.050000 0.207000 1.387000
4.600000 0.970000 0.030000 0.207000 1.387000
4.600000 0.990000 0.010000 0.207000 1.387000
4.700000 0.650000 0.350000 0.608000 1.788000
4.700000 0.670000 0.330000 0.595000 1.775000
4.700000 0.690000 0.310000 0.615000 1.795000
4.700000 0.710000 0.290000 0.536000 1.716000
4.700000 0.730000 0.270000 0.554000 1.734000
4.700000 0.750000 0.250000 0.587000 1.767000
4.700000 0.770000 0.230000 0.473000 1.653000
4.700000 0.790000 0.210000 0.490000 1.670000
4.700000 0.810000 0.190000 0.390000 1.570000
4.700000 0.830000 0.170000 0.396000 1.576000
4.700000 0.850000 0.150000 0.413000 1.593000
4.700000 0.870000 0.130000 0.288000 1.468000
4.700000 0.890000 0.110000 0.297000 1.477000
4.700000 0.910000 0.090000 0.165000 1.345000
4.700000 0.930000 0.070000 0.170000 1.350000
4.700000 0.950000 0.050000 0.185000 1.365000
4.700000 0.970000 0.030000 0.185000 1.365000
4.700000 0.990000 0.010000 0.185000 1.365000
4.800000 0.650000 0.350000 0.622000 1.802000
4.800000 0.670000 0.330000 0.592000 1.772000
4.800000 0.690000 0.310000 0.610000 1.790000
4.800000 0.710000 0.290000 0.527000 1.707000
4.800000 0.730000 0.270000 0.546000 1.726000
4.800000 0.750000 0.250000 0.573000 1.753000
4.800000 0.770000 0.230000 0.466000 1.646000
4.800000 0.790000 0.210000 0.476000 1.656000
4.800000 0.810000 0.190000 0.378000 1.558000
4.800000 0.830000 0.170000 0.386000 1.566000
4.800000 0.850000 0.150000 0.395000 1.575000
4.800000 0.870000 0.130000 0.274000 1.454000
4.800000 0.890000 0.110000 0.278000 1.458000
4.800000 0.910000 0.090000 0.150000 1.330000
4.800000 0.930000 0.070000 0.157000 1.337000
4.800000 0.950000 0.050000 0.162000 1.342000
4.800000 0.970000 0.030000 0.162000 1.342000
4.800000 0.990000 0.010000 0.162000 1.342000
4.900000 0.650000 0.350000 0.637000 1.817000
4.900000 0.670000 0.330000 0.585000 1.765000
4.900000 0.690000 0.310000 0.605000 1.785000
4.900000 0.710000 0.290000 0.517000 1.697000
4.900000 0.730000 0.270000 0.536000 1.716000
4.900000 0.750000 0.250000 0.559000 1.739000
4.900000 0.770000 0.230000 0.453000 1.633000
4.900000 0.790000 0.210000 0.462000 1.642000
4.900000 0.810000 0.190000 0.365000 1.545000
4.900000 0.830000 0.170000 0.373000 1.553000
4.900000 0.850000 0.150000 0.378000 1.558000
4.900000 0.870000 0.130000 0.253000 1.433000
4.900000 0.890000 0.110000 0.260000 1.440000
4.900000 0.910000 0.090000 0.134000 1.314000
4.900000 0.930000 0.070000 0.140000 1.320000
4.900000 0.950000 0.050000 0.140000 1.320000
4.900000 0.970000 0.030000 0.140000 1.320000
4.900000 0.990000 0.010000 0.140000 1.320000
5.000000 0.650000 0.350000 0.651000 1.831000
5.000000 0.670000 0.330000 0.573000 1.753000
5.000000 0.690000 0.310000 0.601000 1.781000
5.000000 0.710000 0.290000 0.492000 1.672000
5.000000 0.730000 0.270000 0.519000 1.699000
5.000000 0.750000 0.250000 0.545000 1.725000
5.000000 0.770000 0.230000 0.430000 1.610000
5.000000 0.790000 0.210000 0.442000 1.622000
5.000000 0.810000 0.190000 0.338000 1.518000
5.000000 0.830000 0.170000 0.349000 1.529000
5.000000 0.850000 0.150000 0.360000 1.540000
5.000000 0.870000 0.130000 0.216000 1.396000
5.000000 0.890000 0.110000 0.225000 1.405000
5.000000 0.910000 0.090000 0.100000 1.280000
5.000000 0.930000 0.070000 0.109000 1.289000
5.000000 0.950000 0.050000 0.117000 1.297000
5.000000 0.970000 0.030000 0.117000 1.297000
5.000000 0.990000 0.010000 0.117000 1.297000
5.100000 0.650000 0.350000 0.666000 1.846000
5.100000 0.670000 0.330000 0.668000 1.848000
5.100000 0.690000 0.310000 0.690000 1.870000
5.100000 0.710000 0.290000 0.605000 1.785000
5.100000 0.730000 0.270000 0.615000 1.795000
5.100000 0.750000 0.250000 0.637000 1.817000
5.100000 0.770000 0.230000 0.536000 1.716000
5.100000 0.790000 0.210000 0.546000 1.726000
5.100000 0.810000 0.190000 0.436000 1.616000
5.100000 0.830000 0.170000 0.454000 1.634000
5.100000 0.850000 0.150000 0.487000 1.667000
5.100000 0.870000 0.130000 0.338000 1.518000
5.100000 0.890000 0.110000 0.347000 1.527000
5.100000 0.910000 0.090000 0.208000 1.388000
5.100000 0.930000 0.070000 0.222000 1.402000
5.100000 0.950000 0.050000 0.252000 1.432000
5.100000 0.970000 0.030000 0.252000 1.432000
5.100000 0.990000 0.010000 0.252000 1.432000
5.200000 0.650000 0.350000 0.682000 1.862000
5.200000 0.670000 0.330000 0.660000 1.840000
5.200000 0.690000 0.310000 0.679000 1.859000
5.200000 0.710000 0.290000 0.595000 1.775000
5.200000 0.730000 0.270000 0.603000 1.783000
5.200000 0.750000 0.250000 0.622000 1.802000
5.200000 0.770000 0.230000 0.524000 1.704000
5.200000 0.790000 0.210000 0.536000 1.716000
5.200000 0.810000 0.190000 0.424000 1.604000
5.200000 0.830000 0.170000 0.437000 1.617000
5.200000 0.850000 0.150000 0.463000 1.643000
5.200000 0.870000 0.130000 0.320000 1.500000
5.200000 0.890000 0.110000 0.331000 1.511000
5.200000 0.910000 0.090000 0.192000 1.372000
5.200000 0.930000 0.070000 0.201000 1.381000
5.200000 0.950000 0.050000 0.223000 1.403000
5.200000 0.970000 0.030000 0.223000 1.403000
5.200000 0.990000 0.010000 0.223000 1.403000
5.300000 0.650000 0.350000 0.697000 1.877000
5.300000 0.670000 0.330000 0.656000 1.836000
5.300000 0.690000 0.310000 0.668000 1.848000
5.300000 0.710000 0.290000 0.585000 1.765000
5.300000 0.730000 0.270000 0.595000 1.775000
5.300000 0.750000 0.250000 0.608000 1.788000
5.300000 0.770000 0.230000 0.513000 1.693000
5.300000 0.790000 0.210000 0.527000 1.707000
5.300000 0.810000 0.190000 0.411000 1.591000
5.300000 0.830000 0.170000 0.423000 1.603000
5.300000 0.850000 0.150000 0.438000 1.618000
5.300000 0.870000 0.130000 0.305000 1.485000
5.300000 0.890000 0.110000 0.315000 1.495000
5.300000 0.910000 0.090000 0.176000 1.356000
5.300000 0.930000 0.070000 0.185000 1.365000
5.300000 0.950000 0.050000 0.195000 1.375000
5.300000 0.970000 0.030000 0.195000 1.375000
5.300000 0.990000 0.010000 0.195000 1.375000
5.400000 0.650000 0.350000 0.713000 1.893000
5.400000 0.670000 0.330000 0.647000 1.827000
5.400000 0.690000 0.310000 0.657000 1.837000
5.400000 0.710000 0.290000 0.575000 1.755000
5.400000 0.730000 0.270000 0.585000 1.765000
5.400000 0.750000 0.250000 0.593000 1.773000
5.400000 0.770000 0.230000 0.499000 1.679000
5.400000 0.790000 0.210000 0.517000 1.697000
5.400000 0.810000 0.190000 0.398000 1.578000
5.400000 0.830000 0.170000 0.407000 1.587000
5.400000 0.850000 0.150000 0.414000 1.594000
5.400000 0.870000 0.130000 0.286000 1.466000
5.400000 0.890000 0.110000 0.300000 1.480000
5.400000 0.910000 0.090000 0.159000 1.339000
5.400000 0.930000 0.070000 0.165000 1.345000
5.400000 0.950000 0.050000 0.166000 1.346000
5.400000 0.970000 0.030000 0.166000 1.346000
5.400000 0.990000 0.010000 0.166000 1.346000
5.500000 0.650000 0.350000 0.728000 1.908000
5.500000 0.670000 0.330000 0.629000 1.809000
5.500000 0.690000 0.310000 0.644000 1.824000
5.500000 0.710000 0.290000 0.552000 1.732000
5.500000 0.730000 0.270000 0.565000 1.745000
5.500000 0.750000 0.250000 0.579000 1.759000
5.500000 0.770000 0.230000 0.474000 1.654000
5.500000 0.790000 0.210000 0.499000 1.679000
5.500000 0.810000 0.190000 0.366000 1.546000
5.500000 0.830000 0.170000 0.377000 1.557000
5.500000 0.850000 0.150000 0.389000 1.569000
5.500000 0.870000 0.130000 0.250000 1.430000
5.500000 0.890000 0.110000 0.270000 1.450000
5.500000 0.910000 0.090000 0.121000 1.301000
5.500000 0.930000 0.070000 0.130000 1.310000
5.500000 0.950000 0.050000 0.138000 1.318000
5.500000 0.970000 0.030000 0.138000 1.318000
5.500000 0.990000 0.010000 0.138000 1.318000
5.600000 0.650000 0.350000 0.736000 1.916000
5.600000 0.670000 0.330000 0.729000 1.909000
5.600000 0.690000 0.310000 0.740000 1.920000
5.600000 0.710000 0.290000 0.652000 1.832000
5.600000 0.730000 0.270000 0.674000 1.854000
5.600000 0.750000 0.250000 0.713000 1.893000
5.600000 0.770000 0.230000 0.585000 1.765000
5.600000 0.790000 0.210000 0.606000 1.786000
5.600000 0.810000 0.190000 0.490000 1.670000
5.600000 0.830000 0.170000 0.499000 1.679000
5.600000 0.850000 0.150000 0.526000 1.706000
5.600000 0.870000 0.130000 0.378000 1.558000
5.600000 0.890000 0.110000 0.395000 1.575000
5.600000 0.910000 0.090000 0.246000 1.426000
5.600000 0.930000 0.070000 0.254000 1.434000
5.600000 0.950000 0.050000 0.277000 1.457000
5.600000 0.970000 0.030000 0.277000 1.457000
5.600000 0.990000 0.010000 0.277000 1.457000
5.700000 0.650000 0.350000 0.744000 1.924000
5.700000 0.670000 0.330000 0.720000 1.900000
5.700000 0.690000 0.310000 0.735000 1.915000
5.700000 0.710000 0.290000 0.641000 1.821000
5.700000 0.730000 0.270000 0.661000 1.841000
5.700000 0.750000 0.250000 0.697000 1.877000
5.700000 0.770000 0.230000 0.573000 1.753000
5.700000 0.790000 0.210000 0.591000 1.771000
5.700000 0.810000 0.190000 0.472000 1.652000
5.700000 0.830000 0.170000 0.481000 1.661000
5.700000 0.850000 0.150000 0.506000 1.686000
5.700000 0.870000 0.130000 0.359000 1.539000
5.700000 0.890000 0.110000 0.375000 1.555000
5.700000 0.910000 0.090000 0.226000 1.406000
5.700000 0.930000 0.070000 0.230000 1.410000
5.700000 0.950000 0.050000 0.248000 1.428000
5.700000 0.970000 0.030000 0.248000 1.428000
5.700000 0.990000 0.010000 0.248000 1.428000
5.800000 0.650000 0.350000 0.753000 1.933000
5.800000 0.670000 0.330000 0.711000 1.891000
5.800000 0.690000 0.310000 0.729000 1.909000
5.800000 0.710000 0.290000 0.631000 1.811000
5.800000 0.730000 0.270000 0.652000 1.832000
5.800000 0.750000 0.250000 0.682000 1.862000
5.800000 0.770000 0.230000 0.565000 1.745000
5.800000 0.790000 0.210000 0.575000 1.755000
5.800000 0.810000 0.190000 0.455000 1.635000
5.800000 0.830000 0.170000 0.471000 1.651000
5.800000 0.850000 0.150000 0.487000 1.667000
5.800000 0.870000 0.130000 0.347000 1.527000
5.800000 0.890000 0.110000 0.355000 1.535000
5.800000 0.910000 0.090000 0.206000 1.386000
5.800000 0.930000 0.070000 0.214000 1.394000
5.800000 0.950000 0.050000 0.218000 1.398000
5.800000 0.970000 0.030000 0.218000 1.398000
5.800000 0.990000 0.010000 0.218000 1.398000
5.900000 0.650000 0.350000 0.761000 1.941000
5.900000 0.670000 0.330000 0.701000 1.881000
5.900000 0.690000 0.310000 0.723000 1.903000
5.900000 0.710000 0.290000 0.621000 1.801000
5.900000 0.730000 0.270000 0.641000 1.821000
5.900000 0.750000 0.250000 0.666000 1.846000
5.900000 0.770000 0.230000 0.551000 1.731000
5.900000 0.790000 0.210000 0.560000 1.740000
5.900000 0.810000 0.190000 0.437000 1.617000
5.900000 0.830000 0.170000 0.454000 1.634000
5.900000 0.850000 0.150000 0.467000 1.647000
5.900000 0.870000 0.130000 0.327000 1.507000
5.900000 0.890000 0.110000 0.334000 1.514000
5.900000 0.910000 0.090000 0.185000 1.365000
5.900000 0.930000 0.070000 0.192000 1.372000
5.900000 0.950000 0.050000 0.189000 1.369000
5.900000 0.970000 0.030000 0.189000 1.369000
5.900000 0.990000 0.010000 0.189000 1.369000
6.000000 0.650000 0.350000 0.769000 1.949000
6.000000 0.670000 0.330000 0.682000 1.862000
6.000000 0.690000 0.310000 0.713000 1.893000
6.000000 0.710000 0.290000 0.593000 1.773000
6.000000 0.730000 0.270000 0.622000 1.802000
6.000000 0.750000 0.250000 0.651000 1.831000
6.000000 0.770000 0.230000 0.525000 1.705000
6.000000 0.790000 0.210000 0.538000 1.718000
6.000000 0.810000 0.190000 0.401000 1.581000
6.000000 0.830000 0.170000 0.424000 1.604000
6.000000 0.850000 0.150000 0.448000 1.628000
6.000000 0.870000 0.130000 0.290000 1.470000
6.000000 0.890000 0.110000 0.301000 1.481000
6.000000 0.910000 0.090000 0.142000 1.322000
6.000000 0.930000 0.070000 0.151000 1.331000
6.000000 0.950000 0.050000 0.160000 1.340000
6.000000 0.970000 0.030000 0.160000 1.340000
6.000000 0.990000 0.010000 0.160000 1.340000
