0.000000 0.028571 0.971429 0.472678 1.563000
0.000000 0.085714 0.841214 0.443445 1.552000
0.000000 0.139968 0.857143 0.441257 1.540000
0.587729 0.200000 0.800000 0.682114 1.518000
0.067296 0.257143 0.742857 0.382514 1.497000
0.000000 0.314286 0.685714 0.360656 1.481000
0.093991 0.371429 0.582240 0.345628 1.470000
0.411237 0.428571 0.569876 0.478472 1.460000
0.000000 0.522268 0.422968 0.290984 1.430000
0.000000 0.606090 0.330732 0.251366 1.401000
0.000000 0.674868 0.253805 0.211749 1.372000
0.000000 0.729176 0.193058 0.174863 1.345000
0.000000 0.676562 0.285714 0.134577 1.318000
0.237844 0.771429 0.228571 0.083333 1.278000
0.399582 0.823616 0.171429 0.152364 1.237000
0.000000 0.851285 0.114286 0.050155 1.217000
0.000000 0.973966 0.057143 0.000000 1.217000
0.000000 1.000000 0.000000 0.000000 1.217000
0.033333 0.028571 0.971429 0.500709 1.577000
0.107091 0.079400 0.914286 0.515027 1.594000
0.033333 0.038812 0.927597 0.553279 1.622000
0.033333 0.200000 0.744489 0.411727 1.549000
0.033333 0.257143 0.742857 0.397797 1.565000
0.337566 0.547919 0.492753 0.372951 1.490000
0.033333 0.310344 0.686788 0.393443 1.505000
0.033333 0.240701 0.753593 0.426230 1.529000
0.033333 0.485714 0.514286 0.318306 1.450000
0.033333 0.542857 0.478080 0.327869 1.457000
0.033333 0.600000 0.400000 0.175448 1.373000
0.033333 0.657143 0.342857 0.146773 1.380000
0.033333 0.714286 0.285714 0.244536 1.396000
0.498899 0.771429 0.228571 0.206524 1.298000
0.033333 0.805921 0.171429 0.071466 1.304000
0.033333 0.885714 0.114286 0.139344 1.319000
0.436326 0.942857 0.057589 0.139344 1.319000
0.033333 1.000000 0.000000 0.139344 1.319000
0.140531 0.028571 0.971429 0.486339 1.573000
0.066667 0.085714 0.914286 0.508197 1.589000
0.066667 0.142857 0.857143 0.545082 1.616000
0.066667 0.217833 0.800000 0.442623 1.541000
0.066667 0.257143 0.742857 0.464481 1.557000
0.066667 0.314286 0.648625 0.367653 1.486000
0.066667 0.371429 0.599378 0.339491 1.498000
0.311802 0.428571 0.571429 0.411202 1.518000
0.066667 0.485714 0.514286 0.262258 1.438000
0.261485 0.542857 0.457143 0.312842 1.446000
0.066667 0.600000 0.400000 0.199454 1.363000
0.066667 0.657143 0.342857 0.157317 1.369000
0.468598 0.714286 0.285714 0.248652 1.382000
0.066667 0.771429 0.211429 0.088798 1.282000
0.536796 0.828571 0.171429 0.196603 1.290000
0.066667 0.885714 0.114286 0.110656 1.298000
0.250689 0.965120 0.057143 0.110656 1.298000
0.066667 1.011354 0.000000 0.110656 1.298000
0.502005 0.028571 0.971429 0.710574 1.569000
0.160189 0.085714 0.914286 0.502732 1.585000
0.100000 0.142857 0.854515 0.536885 1.610000
0.100000 0.230271 0.800000 0.434426 1.535000
0.100000 0.274760 0.742857 0.453552 1.549000
0.100000 0.314286 0.685714 0.386631 1.483000
0.100000 0.417312 0.628571 0.375683 1.492000
0.207668 0.444008 0.571429 0.397541 1.508000
0.100000 0.485714 0.514286 0.290984 1.430000
0.100000 0.542857 0.457143 0.297814 1.435000
0.100000 0.600000 0.400000 0.187158 1.354000
0.453009 0.657143 0.342857 0.310265 1.361000
0.383431 0.714286 0.267121 0.206284 1.368000
0.100000 0.849285 0.228571 0.073770 1.271000
0.100000 0.896263 0.171429 0.079235 1.275000
0.546411 0.885714 0.105015 0.172286 1.278000
0.100000 0.986459 0.057143 0.083333 1.278000
0.100000 1.000000 0.000000 0.083333 1.278000
0.133333 0.045989 0.971429 0.526194 1.565000
0.133333 0.085714 0.858922 0.492254 1.582000
0.133333 0.143002 0.857143 0.528689 1.604000
0.458823 0.204449 0.800000 0.625836 1.525000
0.133333 0.257143 0.742857 0.442623 1.541000
0.074028 0.314286 0.685714 0.357924 1.479000
0.133333 0.371429 0.628571 0.367486 1.486000
0.133333 0.428571 0.573456 0.382514 1.497000
0.125351 0.485714 0.514286 0.274590 1.418000
0.133333 0.542857 0.457143 0.284153 1.425000
0.133333 0.600000 0.400000 0.216707 1.344000
0.484162 0.546417 0.457402 0.409863 1.350000
0.133333 0.714286 0.285714 0.187158 1.354000
0.133333 0.771429 0.228571 0.050546 1.254000
0.133333 0.849707 0.171429 0.103198 1.260000
0.133333 0.885714 0.096337 0.054645 1.257000
0.247508 0.942857 0.057143 0.054645 1.257000
0.266259 1.000000 0.001479 0.054645 1.257000
0.166667 0.028571 0.971429 0.457650 1.552000
0.166667 0.094936 0.914286 0.520585 1.575000
0.166667 0.142857 0.842324 0.520492 1.598000
-0.025924 0.196555 0.800000 0.397541 1.508000
0.128123 0.257143 0.742857 0.426230 1.529000
0.166667 0.314286 0.647107 0.338798 1.465000
0.166667 0.371429 0.628571 0.353825 1.476000
0.166667 0.453422 0.570615 0.367486 1.486000
0.166667 0.485714 0.473168 0.244536 1.396000
0.166667 0.562903 0.457143 0.275607 1.405000
0.166667 0.600000 0.400000 0.143443 1.322000
0.175417 0.657143 0.309455 0.155738 1.331000
0.166667 0.758113 0.285714 0.168033 1.340000
0.166667 0.771429 0.167944 0.010929 1.225000
0.166667 0.828571 0.171429 0.020492 1.232000
0.546411 0.885714 0.105015 0.172286 1.236000
0.089636 0.963062 0.057143 0.025956 1.236000
0.166667 1.000000 0.000000 0.025956 1.236000
0.200000 0.028571 0.971429 0.573770 1.637000
0.200000 0.085714 0.866896 0.521948 1.656000
0.221723 0.794645 0.228571 0.102459 1.292000
0.399582 0.823616 0.171429 0.152364 1.296000
0.266667 0.885714 0.114286 0.132084 1.299000
0.266667 0.906516 0.106138 0.112022 1.299000
0.266667 1.000000 0.015828 0.081932 1.299000
0.341445 0.881252 0.132550 0.117486 1.303000
0.233333 0.882394 0.171429 0.128415 1.311000
0.200000 0.868786 0.140132 0.140710 1.320000
0.419145 0.885714 0.114286 0.140710 1.320000
0.503451 0.942857 0.049298 0.141771 1.320000
0.233333 1.000000 0.000000 0.140710 1.320000
0.425946 0.828571 0.171429 0.148907 1.326000
0.200000 0.904997 0.114286 0.170765 1.342000
0.200000 0.942857 0.093131 0.170765 1.342000
0.200000 1.000000 0.000000 0.170765 1.342000
0.266667 0.626573 0.400000 0.271766 1.380000
0.233333 0.600000 0.400000 0.258825 1.390000
0.330130 0.684346 0.342857 0.236339 1.390000
0.200000 0.600000 0.400000 0.250000 1.400000
0.233333 0.657143 0.342857 0.251366 1.401000
0.266667 0.714286 0.285714 0.252732 1.402000
0.200000 0.677960 0.342857 0.218433 1.415000
0.233333 0.714286 0.285714 0.278689 1.421000
0.200000 0.498526 0.449475 0.333643 1.441000
0.219536 0.485714 0.490262 0.341530 1.467000
0.233333 0.510104 0.457807 0.344938 1.475000
0.266667 0.523694 0.458724 0.351537 1.479000
0.200000 0.469732 0.555188 0.368852 1.487000
0.463629 0.542857 0.457143 0.417218 1.491000
0.200000 0.542857 0.457143 0.389344 1.502000
0.266667 0.314286 0.685714 0.420765 1.525000
0.233333 0.365841 0.685714 0.431694 1.533000
0.200000 0.314286 0.685714 0.442623 1.541000
0.266667 0.384129 0.636769 0.442623 1.541000
0.233333 0.371429 0.628571 0.407883 1.547000
0.200000 0.371429 0.645633 0.464481 1.557000
0.419331 0.428571 0.571429 0.472678 1.563000
0.233333 0.428571 0.571429 0.368911 1.575000
0.478076 0.428571 0.571429 0.504098 1.586000
0.266667 0.523694 0.458724 0.351537 1.592000
0.233333 0.215970 0.800000 0.521858 1.599000
0.200000 0.179760 0.821307 0.532787 1.607000
0.266667 0.257143 0.748035 0.532787 1.607000
0.233333 0.253594 0.742857 0.545082 1.616000
0.300000 0.028571 0.917032 0.585575 1.624000
0.529166 0.257143 0.742857 0.631246 1.625000
0.266667 0.028571 0.919728 0.562842 1.629000
0.253090 0.028571 0.971429 0.568306 1.633000
0.300000 0.538536 0.456837 0.356458 1.642000
0.266667 0.085714 0.914286 0.586066 1.646000
0.233333 0.085714 0.914286 0.591530 1.650000
0.300000 0.142857 0.857143 0.553267 1.666000
0.266667 0.122666 0.857143 0.621585 1.672000
0.233333 0.142857 0.857143 0.524138 1.679000
0.395406 0.142857 0.857143 0.639344 1.685000
0.300000 0.200000 0.800000 0.528840 1.582000
0.202230 0.242319 0.742857 0.520492 1.598000
0.300000 0.314286 0.685714 0.469677 1.517000
0.300000 0.538536 0.456837 0.356458 1.533000
0.300000 0.379445 0.636123 0.457650 1.552000
0.456637 0.485714 0.514286 0.456227 1.454000
0.300000 0.567255 0.457143 0.342896 1.468000
0.333333 0.771429 0.214961 0.185869 1.244000
0.240726 0.828571 0.171429 0.047814 1.252000
0.223867 0.927213 0.062146 0.053279 1.256000
0.333333 0.942857 0.057143 0.053279 1.256000
0.333333 0.962554 0.053089 0.053279 1.256000
0.231136 0.771429 0.228571 0.079235 1.275000
0.300000 0.885714 0.114286 0.132902 1.277000
0.300000 0.942857 0.057143 0.081967 1.277000
0.300000 1.042606 0.000000 0.081967 1.277000
0.300000 0.908930 0.171429 0.086066 1.280000
0.366667 0.771429 0.211885 0.182793 1.342000
0.333333 0.600000 0.400000 0.174863 1.345000
0.366667 0.828571 0.171429 0.178962 1.348000
0.333333 0.657143 0.342857 0.254899 1.354000
0.408831 0.818512 0.202940 0.199454 1.363000
0.366667 0.885714 0.130687 0.200820 1.364000
0.552241 0.942857 0.057143 0.175225 1.364000
0.366667 1.000000 0.000000 0.099275 1.364000
0.300000 0.652804 0.400000 0.209016 1.370000
0.300000 0.657143 0.342857 0.218579 1.377000
0.420927 0.714286 0.269580 0.225410 1.382000
0.128223 0.517872 0.514286 0.290984 1.430000
0.366667 0.600000 0.400000 0.307979 1.443000
0.333333 0.542857 0.432264 0.318306 1.450000
0.366667 0.640347 0.342857 0.329235 1.458000
0.366667 0.747277 0.285714 0.230393 1.488000
0.333333 0.314286 0.685714 0.484017 1.497000
0.128687 0.361400 0.628571 0.411202 1.518000
0.333333 0.455092 0.571429 0.441257 1.540000
0.366667 0.485714 0.514286 0.442623 1.541000
0.366667 0.524107 0.457143 0.465847 1.558000
0.333333 0.227966 0.800000 0.548388 1.563000
0.243801 0.257143 0.742857 0.504098 1.586000
0.366667 0.314286 0.685714 0.498894 1.598000
0.333333 0.028571 0.971429 0.536885 1.610000
0.366667 0.571015 0.442351 0.366379 1.616000
0.333333 0.109016 0.914286 0.571038 1.635000
0.366667 0.428571 0.561755 0.417536 1.647000
0.576688 0.142857 0.857143 0.702571 1.659000
0.366667 0.200000 0.800000 0.617486 1.669000
0.366667 0.257143 0.752028 0.643443 1.688000
0.400000 0.042775 0.971429 0.655738 1.697000
0.504013 0.277717 0.715187 0.662568 1.702000
0.400000 0.102169 0.914286 0.634964 1.714000
0.533327 0.255585 0.731684 0.688525 1.721000
0.366667 0.047376 0.926339 0.730874 1.752000
0.433333 0.771429 0.181782 0.131148 1.313000
0.433333 0.828571 0.171429 0.156513 1.317000
0.433333 0.904237 0.114043 0.140710 1.320000
0.433333 0.982487 0.057143 0.140710 1.320000
0.433333 1.000000 0.000000 0.117307 1.320000
0.484162 0.546417 0.457402 0.409863 1.325000
0.484488 0.828571 0.153843 0.158470 1.333000
0.558872 0.885714 0.114286 0.193412 1.342000
0.400000 0.942857 0.057143 0.170765 1.342000
0.400000 1.000000 0.000000 0.108035 1.342000
0.433333 0.600000 0.358850 0.270492 1.415000
0.433333 0.657143 0.328676 0.285519 1.426000
0.400000 0.600000 0.400000 0.289617 1.429000
0.433333 0.714286 0.264928 0.235836 1.437000
0.400000 0.653059 0.342857 0.304645 1.440000
0.625657 0.714286 0.285714 0.334699 1.462000
0.433333 0.485714 0.514286 0.413934 1.520000
0.425202 0.478739 0.514286 0.440359 1.529000
0.433333 0.542857 0.457143 0.433060 1.534000
0.584352 0.542857 0.457143 0.449454 1.546000
0.433333 0.314286 0.685714 0.529949 1.582000
0.400000 0.314286 0.685714 0.514563 1.590000
0.433333 0.371429 0.628571 0.521858 1.599000
0.400000 0.408674 0.628571 0.476490 1.605000
0.569164 0.428571 0.571429 0.553279 1.622000
0.400000 0.428571 0.584389 0.571038 1.635000
0.335699 0.200000 0.800000 0.595628 1.653000
0.400000 0.224060 0.777763 0.605191 1.660000
0.529166 0.257143 0.742857 0.631246 1.669000
0.485011 0.257143 0.725684 0.612444 1.679000
0.433333 0.202065 0.798637 0.648907 1.692000
0.517582 0.266762 0.723362 0.674863 1.711000
0.433333 0.142857 0.857143 0.613381 1.739000
0.400000 0.142857 0.857143 0.596139 1.745000
0.466667 0.028571 0.971429 0.642076 1.687000
0.466667 0.085714 0.882609 0.668033 1.706000
0.466667 0.142857 0.857143 0.703552 1.732000
0.466667 0.200000 0.800000 0.580601 1.642000
0.389792 0.257143 0.742857 0.605191 1.660000
0.466667 0.314286 0.685714 0.545718 1.574000
0.466667 0.371429 0.628571 0.509631 1.590000
0.466667 0.428571 0.571429 0.536885 1.610000
0.466667 0.485714 0.467279 0.394809 1.506000
0.450838 0.542857 0.456472 0.407944 1.521000
0.466667 0.600000 0.400000 0.252732 1.402000
0.453009 0.657143 0.342857 0.310265 1.408000
0.478560 0.714286 0.285714 0.265027 1.411000
0.466667 0.771429 0.228571 0.107924 1.296000
0.466667 0.880592 0.171429 0.162618 1.301000
0.466667 0.936616 0.114286 0.148743 1.298000
0.466667 0.942857 0.057143 0.140211 1.298000
0.466667 1.000000 0.000000 0.110656 1.298000
0.500000 0.080189 0.971429 0.621585 1.672000
0.500000 0.085714 0.876460 0.658470 1.699000
0.500000 0.142857 0.837615 0.693989 1.725000
0.587729 0.200000 0.800000 0.682114 1.622000
0.362457 0.257143 0.742857 0.587432 1.647000
0.418771 0.310741 0.685714 0.554514 1.552000
0.500000 0.371429 0.628571 0.489071 1.575000
0.500000 0.428571 0.547534 0.520492 1.598000
0.234695 0.500605 0.514286 0.360656 1.481000
0.500000 0.542857 0.457143 0.389344 1.502000
0.500000 0.600000 0.400000 0.206284 1.368000
0.500000 0.706922 0.342857 0.218579 1.377000
0.500000 0.714286 0.285714 0.230874 1.386000
0.498899 0.771429 0.228571 0.206524 1.264000
0.500000 0.828571 0.112818 0.075137 1.272000
0.303566 0.885714 0.114286 0.080601 1.276000
0.500000 0.942857 0.057143 0.080601 1.276000
0.500000 1.000000 0.000000 0.080601 1.276000
0.533333 0.028571 0.951537 0.755464 1.770000
0.619240 0.085714 0.914286 0.782787 1.790000
0.753833 0.131710 0.857143 0.829235 1.824000
0.533333 0.201573 0.800000 0.709016 1.736000
0.533333 0.257143 0.741988 0.736339 1.756000
0.533333 0.314286 0.651607 0.598361 1.655000
0.533333 0.290452 0.701231 0.624317 1.674000
0.533333 0.428571 0.571429 0.668033 1.706000
0.585687 0.485714 0.504340 0.504098 1.586000
0.533333 0.570618 0.457143 0.413811 1.595000
0.533333 0.628571 0.371429 0.370219 1.488000
0.533333 0.685714 0.314286 0.381148 1.496000
0.533333 0.742857 0.232111 0.216522 1.361000
0.533333 0.800000 0.170885 0.175119 1.368000
0.533333 0.857143 0.148834 0.232240 1.387000
0.597345 0.914286 0.085714 0.232240 1.387000
0.620937 0.971429 0.059837 0.232240 1.387000
0.566667 0.000000 1.000000 0.780055 1.788000
0.566667 0.057143 0.942857 0.762295 1.775000
0.566667 0.114286 0.885714 0.789617 1.795000
0.566667 0.171429 0.828571 0.681694 1.716000
0.558050 0.231791 0.771429 0.706284 1.734000
0.492207 0.285714 0.714286 0.601735 1.767000
0.566667 0.342857 0.624771 0.595628 1.653000
0.566667 0.387546 0.600000 0.618852 1.670000
0.435497 0.458224 0.542857 0.482240 1.570000
0.610568 0.514286 0.485714 0.490437 1.576000
0.566667 0.594196 0.428571 0.385411 1.593000
0.566667 0.628571 0.358481 0.342896 1.468000
0.566667 0.685714 0.314286 0.276545 1.477000
0.480184 0.742857 0.257143 0.225737 1.345000
0.566667 0.800000 0.166409 0.181694 1.350000
0.465835 0.884557 0.142857 0.202186 1.365000
0.477168 0.939677 0.085714 0.202186 1.365000
0.488634 0.991709 0.028571 0.144430 1.365000
0.626408 0.000000 1.000000 0.799180 1.802000
0.519549 0.057143 0.942857 0.710315 1.772000
0.633973 0.114286 0.885714 0.782787 1.790000
0.511629 0.271577 0.719765 0.669399 1.707000
0.600000 0.228571 0.742652 0.695355 1.726000
0.600000 0.279294 0.714286 0.732240 1.753000
0.600000 0.342857 0.657143 0.586066 1.646000
0.600000 0.400000 0.600000 0.555332 1.656000
0.427799 0.449513 0.542857 0.461870 1.558000
0.600000 0.514286 0.460737 0.476776 1.566000
0.600000 0.519396 0.458744 0.489071 1.575000
0.600000 0.628571 0.371429 0.323770 1.454000
0.600000 0.538239 0.395184 0.425191 1.458000
0.600000 0.742857 0.196109 0.154372 1.330000
0.428292 0.800000 0.200000 0.163934 1.337000
0.600000 0.857143 0.142857 0.170765 1.342000
0.470995 0.914286 0.085714 0.170765 1.342000
0.600000 0.971429 0.028571 0.170765 1.342000
0.633333 0.000000 1.000000 0.819672 1.817000
0.633333 0.100908 0.942857 0.748634 1.765000
0.622099 0.114286 0.885714 0.775956 1.785000
0.633333 0.171429 0.828571 0.721542 1.697000
0.633333 0.228571 0.738474 0.677288 1.716000
0.445355 0.285714 0.698316 0.581140 1.739000
0.434898 0.342857 0.657143 0.549076 1.633000
0.633333 0.400000 0.600000 0.580601 1.642000
0.633333 0.457143 0.542857 0.448087 1.545000
0.633333 0.565908 0.409080 0.459016 1.553000
0.633333 0.571429 0.428571 0.399498 1.558000
0.369934 0.628571 0.371429 0.295082 1.433000
0.633333 0.696119 0.314286 0.304645 1.440000
0.633333 0.742857 0.257143 0.250952 1.314000
0.633333 0.800000 0.200000 0.140710 1.320000
0.633333 0.857143 0.142857 0.140710 1.320000
0.410914 0.914286 0.085714 0.140710 1.320000
0.633333 0.971429 0.035860 0.140710 1.320000
0.666667 0.000000 0.923642 0.792178 1.831000
0.484162 0.546417 0.457402 0.409863 1.753000
0.666667 0.114286 0.885714 0.767378 1.781000
0.586893 0.171429 0.828571 0.694361 1.672000
0.459000 0.228571 0.771429 0.658470 1.699000
0.666667 0.285714 0.714286 0.693989 1.725000
0.434898 0.342857 0.657143 0.549076 1.610000
0.542772 0.400000 0.581053 0.553279 1.622000
0.666667 0.457143 0.542857 0.411202 1.518000
0.666667 0.514286 0.485714 0.467934 1.529000
0.666667 0.571429 0.428571 0.441257 1.540000
0.246708 0.628571 0.371429 0.244536 1.396000
0.666667 0.685714 0.284731 0.297623 1.405000
0.666667 0.742857 0.219330 0.240923 1.280000
0.666667 0.800000 0.200000 0.098361 1.289000
0.418892 0.850614 0.142857 0.153170 1.297000
0.666667 0.965947 0.085714 0.109290 1.297000
0.666667 0.935017 0.064931 0.109290 1.297000
0.514142 0.000000 0.959504 0.730309 1.846000
0.744625 0.057143 0.942857 0.862022 1.848000
0.700000 0.114286 0.885714 0.785485 1.870000
0.700000 0.171429 0.828571 0.775956 1.785000
0.700000 0.228571 0.771429 0.789617 1.795000
0.815515 0.285714 0.714286 0.819672 1.817000
0.525038 0.260900 0.727713 0.681694 1.716000
0.700000 0.400000 0.600000 0.695355 1.726000
0.700000 0.482275 0.542857 0.551387 1.616000
0.700000 0.514286 0.485714 0.569672 1.634000
0.869518 0.571429 0.428571 0.614754 1.667000
0.700000 0.628571 0.371429 0.362391 1.518000
0.759476 0.685714 0.314286 0.423497 1.527000
0.500952 0.742857 0.245932 0.233607 1.388000
0.700000 0.800000 0.181573 0.252732 1.402000
0.700000 0.857143 0.156136 0.293716 1.432000
0.700000 0.914286 0.085714 0.204896 1.432000
0.759504 0.978683 0.028571 0.293716 1.432000
0.733333 0.000000 0.945984 0.881148 1.862000
0.733333 0.057143 0.942857 0.851093 1.840000
0.733333 0.114286 0.885714 0.877049 1.859000
0.624403 0.171429 0.828571 0.762295 1.775000
0.733333 0.228571 0.771429 0.773224 1.783000
0.733333 0.521220 0.348749 0.442008 1.802000
0.733333 0.374369 0.657143 0.665301 1.704000
0.744401 0.400000 0.600000 0.681694 1.716000
0.733333 0.480002 0.542857 0.566194 1.604000
0.733333 0.521659 0.485714 0.546448 1.617000
0.733333 0.571429 0.428571 0.442542 1.643000
0.733333 0.628571 0.371429 0.372205 1.500000
0.733333 0.685714 0.314286 0.401639 1.511000
0.733333 0.742857 0.257143 0.211749 1.372000
0.733333 0.800000 0.166810 0.224044 1.381000
0.733333 0.865344 0.142857 0.254098 1.403000
0.733333 0.521220 0.348749 0.442008 1.403000
0.733333 0.971429 0.028571 0.205353 1.403000
0.766667 0.000000 0.946523 0.901639 1.877000
0.717181 0.057143 0.942857 0.845628 1.836000
0.766667 0.133612 0.885714 0.862022 1.848000
0.766667 0.301853 0.684305 0.748634 1.765000
0.766667 0.266822 0.771429 0.762295 1.775000
0.766667 0.285714 0.714286 0.780055 1.788000
0.589370 0.342857 0.657143 0.650273 1.693000
0.766667 0.400000 0.600000 0.639588 1.707000
0.766667 0.457143 0.514886 0.571957 1.591000
0.684677 0.514286 0.485714 0.527322 1.603000
0.484162 0.546417 0.457402 0.409863 1.618000
0.766667 0.628571 0.371429 0.386189 1.485000
0.766667 0.700535 0.314286 0.327838 1.495000
0.369820 0.773529 0.257143 0.189891 1.356000
0.406068 0.798072 0.200000 0.165636 1.365000
0.766667 0.518123 0.341166 0.448151 1.375000
0.766667 0.914286 0.085714 0.215847 1.375000
0.766667 0.971429 0.028571 0.213969 1.375000
0.800000 0.046440 1.000000 0.860117 1.893000
0.800000 0.085103 0.942857 0.843461 1.827000
0.800000 0.191271 0.779247 0.846995 1.837000
0.582643 0.178436 0.828571 0.734973 1.755000
0.484162 0.546417 0.457402 0.409863 1.765000
0.800000 0.285714 0.714286 0.759563 1.773000
0.554863 0.342857 0.657143 0.631148 1.679000
0.402696 0.400000 0.593307 0.493109 1.697000
0.800000 0.589410 0.382060 0.493169 1.578000
0.800000 0.514286 0.485714 0.505464 1.587000
0.798871 0.571429 0.418810 0.515027 1.594000
0.800000 0.628571 0.371429 0.340164 1.466000
0.800000 0.723086 0.248565 0.359290 1.480000
0.800000 0.742857 0.257143 0.166667 1.339000
0.800000 0.800000 0.141135 0.174863 1.345000
0.800000 0.857143 0.106565 0.176230 1.346000
0.800000 0.931977 0.085714 0.218340 1.346000
0.530755 0.971429 0.028571 0.161432 1.346000
0.833333 0.000000 0.945525 0.943989 1.908000
0.519549 0.057143 0.942857 0.710315 1.809000
0.833333 0.162257 0.885714 0.829235 1.824000
0.520853 0.186524 0.828571 0.703552 1.732000
0.833333 0.228571 0.771429 0.721311 1.745000
0.833333 0.285714 0.714286 0.782000 1.759000
0.833333 0.342857 0.597260 0.596995 1.654000
0.833333 0.400000 0.600000 0.631148 1.679000
0.833333 0.639203 0.332352 0.449454 1.546000
0.558219 0.514286 0.485714 0.464481 1.557000
0.833333 0.571429 0.428571 0.480874 1.569000
0.833333 0.644267 0.371429 0.419344 1.430000
0.550443 0.685714 0.314286 0.318306 1.450000
0.226618 0.774119 0.257143 0.114754 1.301000
0.520001 0.800000 0.200000 0.196282 1.310000
0.833333 0.857143 0.142857 0.255203 1.318000
0.405549 0.914286 0.085714 0.137978 1.318000
0.430629 0.971429 0.038621 0.137978 1.318000
0.497003 0.000000 1.000000 0.714605 1.916000
0.866667 0.057143 0.942857 0.870626 1.909000
0.866667 0.114286 0.885714 0.853307 1.920000
0.866667 0.171429 0.828571 0.840164 1.832000
0.866667 0.228571 0.771429 0.870219 1.854000
0.866667 0.260341 0.714286 0.923497 1.893000
0.761495 0.342857 0.657143 0.748634 1.765000
0.866667 0.400000 0.600000 0.777322 1.786000
0.782975 0.457143 0.522474 0.618852 1.670000
0.815235 0.514286 0.485714 0.631148 1.679000
0.866667 0.571429 0.428571 0.668033 1.706000
0.481738 0.630224 0.371429 0.349755 1.558000
0.865951 0.685714 0.314286 0.489071 1.575000
0.866667 0.742857 0.203569 0.285519 1.426000
0.866667 0.812404 0.200000 0.296448 1.434000
0.866667 0.857143 0.142857 0.327869 1.457000
0.866667 0.926900 0.085714 0.244453 1.457000
0.744347 0.971429 0.028571 0.327869 1.457000
0.549478 0.002222 1.000000 0.762041 1.924000
0.851961 0.057143 0.942857 0.933060 1.900000
0.946348 0.087573 0.885714 0.953552 1.915000
0.900000 0.171429 0.802024 0.859005 1.821000
0.900000 0.228571 0.771429 0.852459 1.841000
0.900000 0.490263 0.453716 0.615203 1.877000
0.900000 0.342857 0.657143 0.732240 1.753000
0.900000 0.416817 0.600000 0.756831 1.771000
0.648129 0.441209 0.542857 0.594262 1.652000
0.900000 0.514286 0.485714 0.606557 1.661000
0.890901 0.543127 0.428571 0.640710 1.686000
0.481738 0.630224 0.371429 0.349755 1.539000
0.823180 0.682272 0.314286 0.461749 1.555000
0.900000 0.742857 0.257143 0.258197 1.406000
0.900000 0.800000 0.200000 0.293161 1.410000
0.697360 0.876303 0.142857 0.288251 1.428000
0.900000 0.914286 0.085714 0.288251 1.428000
0.900000 0.971429 0.028571 0.253145 1.428000
0.933333 0.076944 0.888488 0.978142 1.933000
0.933333 0.080907 0.942857 0.903211 1.891000
0.933333 0.114286 0.885714 0.945355 1.909000
0.933333 0.171429 0.828571 0.883463 1.811000
0.817511 0.228571 0.771429 0.840164 1.832000
0.933333 0.285714 0.722542 0.881148 1.862000
0.933333 0.342857 0.636336 0.756804 1.745000
0.933333 0.400000 0.598450 0.734973 1.755000
0.659251 0.457143 0.542857 0.571038 1.635000
0.933333 0.514286 0.465793 0.592896 1.651000
0.933333 0.571429 0.428571 0.614754 1.667000
0.933333 0.628571 0.320006 0.423497 1.527000
0.933333 0.685714 0.314286 0.434426 1.535000
0.518074 0.742857 0.235570 0.226380 1.386000
0.520001 0.800000 0.200000 0.196282 1.394000
0.933333 0.857143 0.142857 0.290451 1.398000
0.933333 0.914286 0.085714 0.276120 1.398000
0.591745 0.971429 0.028571 0.247268 1.398000
0.966667 0.000000 1.000000 0.989071 1.941000
0.966667 0.085492 0.942857 0.907104 1.881000
0.966667 0.114286 0.885714 0.937158 1.903000
0.966667 0.238155 0.828571 0.797814 1.801000
0.966667 0.277367 0.716903 0.825137 1.821000
0.966667 0.222531 0.764322 0.859290 1.846000
0.434898 0.342857 0.657143 0.549076 1.731000
0.775398 0.400000 0.600000 0.714481 1.740000
0.558033 0.447538 0.542857 0.546448 1.617000
0.966667 0.514286 0.485714 0.616630 1.634000
0.862465 0.556418 0.428571 0.587432 1.647000
0.966667 0.671161 0.371429 0.396175 1.507000
0.966667 0.685714 0.314286 0.405738 1.514000
0.966667 0.742857 0.257143 0.365434 1.365000
0.966667 0.800000 0.137519 0.211749 1.372000
0.551016 0.857143 0.142857 0.207650 1.369000
0.966667 0.920656 0.085714 0.285425 1.369000
0.515808 0.971429 0.028571 0.207650 1.369000
0.947909 -0.003010 1.000000 1.000000 1.949000
1.000000 0.057143 0.868054 0.881148 1.862000
1.000000 0.114286 0.885714 0.923497 1.893000
1.000000 0.171429 0.807692 0.910509 1.773000
1.000000 0.228571 0.771429 0.865978 1.802000
1.000000 0.314965 0.714286 0.838798 1.831000
0.618561 0.342857 0.657143 0.666667 1.705000
1.000000 0.456313 0.600000 0.684426 1.718000
0.517516 0.457143 0.542857 0.497268 1.581000
0.687347 0.514286 0.485714 0.528689 1.604000
1.000000 0.571429 0.428571 0.561475 1.628000
1.000000 0.628571 0.327199 0.478677 1.470000
1.000000 0.685714 0.314286 0.360656 1.481000
1.000000 0.846070 0.257143 0.143443 1.322000
1.000000 0.800000 0.155816 0.318949 1.331000
0.475455 0.857143 0.142857 0.168033 1.340000
0.498738 0.914286 0.086494 0.168033 1.340000
1.000000 0.971429 0.028571 0.168033 1.340000
