0.027027 1.000000 1.000000 1.000000 1.000000
0.000000 0.244898 0.261918 0.458687 1.000000
0.013514 0.296716 0.306122 0.343750 1.000000
0.085534 0.387755 0.387755 0.632746 1.000000
0.047569 0.469388 0.469388 0.781250 0.000000
0.054054 0.061224 0.061224 0.020833 0.000000
0.056521 0.122449 0.113901 0.125000 1.000000
0.094430 0.224490 0.221216 0.533192 0.000000
0.027027 0.075764 0.075551 0.208333 1.000000
0.067568 0.600383 0.564428 1.000000 1.000000
0.054054 0.157176 0.158446 0.583333 0.000000
0.000000 0.024000 0.022995 0.020833 0.000000
0.027027 0.187753 0.183673 0.490377 1.000000
0.071082 0.244898 0.244898 0.468750 0.000000
0.108899 0.097125 0.102041 0.403640 1.000000
0.027027 0.083125 0.081633 0.273295 1.000000
0.027027 0.273701 0.265306 0.479167 1.000000
0.027027 0.285714 0.285714 0.489583 1.000000
0.027027 0.102041 0.102041 0.375386 1.000000
0.038809 0.020879 0.040816 0.020833 1.000000
0.027027 0.015140 0.014228 0.020833 1.000000
0.054054 0.204082 0.213047 0.478639 0.000000
0.027027 0.102041 0.102041 0.375386 1.000000
0.130014 0.019653 0.017716 0.145833 1.000000
0.121622 0.036102 0.034245 0.145833 0.000000
0.054054 0.137807 0.140843 0.395833 0.000000
0.054054 0.102041 0.102041 0.125000 0.000000
0.054054 0.224490 0.228345 0.333333 1.000000
0.054054 0.081633 0.081633 0.334998 1.000000
0.054054 0.142857 0.142857 0.461413 0.000000
0.013514 0.265306 0.265306 0.583333 0.000000
0.090407 0.183673 0.183673 0.481296 1.000000
0.054054 0.182945 0.183673 0.506244 1.000000
0.054054 0.163265 0.163265 0.250000 1.000000
0.088740 0.306122 0.307580 0.645833 0.000000
0.027027 0.142857 0.142857 0.270833 1.000000
0.077652 0.224490 0.224490 0.468750 1.000000
0.054054 0.102041 0.102041 0.145833 1.000000
0.027027 0.265306 0.265306 0.572917 1.000000
0.054054 0.107131 0.122449 0.208333 1.000000
0.027027 0.244898 0.244898 0.531250 1.000000
0.027027 0.081633 0.083086 0.263684 0.000000
0.027027 0.081633 0.083086 0.263684 1.000000
0.081048 0.081633 0.081633 0.145833 0.000000
0.054054 0.387755 0.387755 0.643692 1.000000
0.057016 0.163265 0.163265 0.270833 1.000000
0.027027 0.163265 0.163265 0.354167 0.000000
0.027027 0.020408 0.020408 0.109087 0.000000
0.162083 0.020408 0.020408 0.212579 0.000000
0.027027 0.020408 0.009550 0.000000 0.000000
0.085797 0.204082 0.204082 0.496455 0.000000
0.027027 0.204082 0.204082 0.458333 1.000000
0.074302 0.088195 0.102041 0.208333 0.000000
0.027027 0.238420 0.224490 0.520833 0.000000
0.121324 0.081633 0.081633 0.407809 1.000000
0.074414 0.367347 0.367347 0.697917 1.000000
0.054054 0.142857 0.143568 0.250000 1.000000
0.027027 0.128613 0.122449 0.270833 1.000000
0.027027 0.326408 0.306122 0.822917 0.000000
0.040541 0.102041 0.102041 0.382622 0.000000
0.027027 0.131653 0.122449 0.281250 0.000000
0.072657 0.150074 0.142857 0.343750 1.000000
0.027027 0.183673 0.183673 0.489583 0.000000
0.054054 0.081633 0.081633 0.145833 1.000000
0.027027 0.040816 0.040816 0.072917 1.000000
0.086152 0.306122 0.306122 0.592798 0.000000
0.079959 0.061224 0.053221 0.125000 1.000000
0.000000 0.016528 0.020408 0.020833 0.000000
0.054054 0.115742 0.122449 0.239583 0.000000
0.103243 0.163265 0.158968 0.482982 0.000000
0.027027 0.058484 0.061224 0.145833 0.000000
0.027027 0.061224 0.061224 0.145833 0.000000
0.054054 0.329442 0.326531 0.630738 1.000000
0.027027 0.020408 0.026222 0.108118 0.000000
0.027027 0.011977 0.020408 0.020833 1.000000
0.161441 0.018790 0.020408 0.174117 1.000000
0.027027 0.061224 0.061224 0.145833 1.000000
0.081517 0.020408 0.020408 0.020833 0.000000
0.027027 0.020408 0.020408 0.020833 0.000000
0.027027 0.020408 0.013601 0.020833 0.000000
0.079586 0.102041 0.102041 0.218750 1.000000
0.027027 0.061224 0.061224 0.145833 0.000000
0.027027 0.061224 0.061224 0.262132 0.000000
0.126567 0.117861 0.115523 0.336085 0.000000
0.027027 0.102041 0.102041 0.270833 1.000000
0.027027 0.102041 0.102041 0.270833 0.000000
0.054054 0.026572 0.020408 0.105678 0.000000
0.054054 0.020408 0.009535 0.020833 0.000000
0.081517 0.020408 0.020408 0.020833 0.000000
0.091016 0.122449 0.137246 0.343750 1.000000
0.054054 0.020408 0.020408 0.020833 1.000000
0.054054 0.026572 0.020408 0.105678 0.000000
0.054054 0.020408 0.009535 0.020833 0.000000
0.042389 0.011054 0.020408 0.020833 0.000000
0.041752 0.204082 0.204082 0.218750 0.000000
0.054054 0.122449 0.131413 0.270833 0.000000
0.040541 0.326531 0.326531 0.875000 0.000000
0.054054 0.135744 0.139002 0.375000 1.000000
0.054054 0.061224 0.051170 0.125000 1.000000
0.067568 0.116821 0.122449 0.388050 1.000000
0.054054 0.142857 0.142857 0.333333 1.000000
0.120019 0.244898 0.249747 0.770833 1.000000
0.054054 0.168482 0.163265 0.395833 0.000000
0.027027 0.081633 0.094127 0.250000 0.000000
0.027027 0.081633 0.081633 0.250000 0.000000
0.087910 0.326531 0.320532 0.610896 0.000000
0.093123 0.147468 0.142857 0.593750 0.000000
0.040541 0.081633 0.081633 0.250000 0.000000
0.027027 0.040816 0.040816 0.125000 0.000000
0.027027 0.183673 0.193626 0.432815 0.000000
0.085243 0.069133 0.081633 0.218750 1.000000
0.085953 0.155346 0.163265 0.445971 0.000000
0.054054 0.081633 0.081633 0.334998 0.000000
0.054054 0.137807 0.140843 0.395833 1.000000
0.027027 0.224490 0.237348 0.468094 0.000000
0.111173 0.155051 0.153565 0.645833 0.000000
0.027027 0.138423 0.122449 0.458333 1.000000
0.054054 0.160828 0.161540 0.614583 0.000000
0.120113 0.122449 0.122449 0.572917 0.000000
0.094408 0.204082 0.201647 0.512671 1.000000
0.027027 0.040816 0.040816 0.145833 1.000000
0.090081 0.081633 0.081633 0.250000 1.000000
0.027027 0.119752 0.102041 0.406250 1.000000
0.027027 0.081633 0.105440 0.322917 1.000000
0.027027 0.061224 0.061224 0.250000 0.000000
0.027027 0.083125 0.081633 0.273295 0.000000
0.054054 0.142857 0.142857 0.461413 1.000000
0.101169 0.057245 0.061224 0.250000 0.000000
0.054054 0.142857 0.142857 0.479167 1.000000
0.027027 0.020408 0.020408 0.083333 1.000000
0.054054 0.081633 0.081633 0.270833 0.000000
0.027027 0.232261 0.224490 0.534003 0.000000
0.027027 0.020408 0.020408 0.083333 0.000000
0.054054 0.113355 0.113790 0.292103 0.000000
0.142049 0.204082 0.225386 0.895833 0.000000
0.027027 0.126555 0.126459 0.276879 0.000000
0.027027 0.126555 0.126459 0.276879 0.000000
0.027027 0.649021 0.614814 1.000000 0.000000
0.121324 0.081633 0.081633 0.407809 0.000000
0.027027 0.020408 0.020408 0.093750 0.000000
0.027027 0.163265 0.163265 0.750000 0.000000
0.067568 0.285591 0.265306 0.875000 0.000000
0.054054 0.040816 0.040816 0.145833 0.000000
0.054054 0.046929 0.045063 0.145833 0.000000
0.054054 0.020408 0.020408 0.127780 1.000000
0.054054 0.040816 0.044629 0.145833 1.000000
0.112015 0.040816 0.040816 0.125000 0.000000
0.027027 0.020408 0.020408 0.109087 0.000000
0.132724 0.020408 0.020408 0.093750 1.000000
0.027027 0.126555 0.126459 0.276879 0.000000
0.027027 0.130608 0.122449 0.583333 1.000000
0.054054 0.136789 0.139935 0.385417 0.000000
0.054054 0.204082 0.203836 0.791667 0.000000
0.027027 0.002764 0.000000 0.000000 1.000000
0.027027 0.000000 0.011608 0.052737 0.000000
0.181466 0.000000 0.000000 0.106176 0.000000
0.027027 0.000000 0.003999 0.000000 0.000000
0.072150 0.000000 0.000000 0.000000 0.000000
0.027027 0.126555 0.126459 0.276879 0.000000
0.027027 0.000000 0.000000 0.000000 0.000000
0.027027 0.000000 0.000000 0.000000 0.000000
0.027027 0.000000 0.000000 0.035496 0.000000
0.027027 0.002764 0.000000 0.000000 0.000000
0.027027 0.000000 0.000000 0.035496 1.000000
0.072150 0.000000 0.000000 0.000000 1.000000
0.027027 0.000000 0.000000 0.035496 1.000000
0.037395 0.002449 0.000000 0.000000 0.000000
0.027027 0.000000 0.000000 0.035496 0.000000
0.027027 0.126555 0.126459 0.276879 0.000000
0.027027 0.011540 0.010392 0.000000 0.000000
0.181466 0.000000 0.000000 0.106176 0.000000
0.027027 0.002764 0.000000 0.000000 0.000000
0.027027 0.000000 0.011608 0.052737 0.000000
0.072150 0.000000 0.000000 0.000000 0.000000
0.030747 0.001040 0.000231 0.000000 0.000000
0.148649 0.183673 0.183673 0.343750 0.000000
0.148649 0.030313 0.028458 0.145833 1.000000
0.096819 0.081633 0.081633 0.322917 1.000000
0.054054 0.102041 0.102041 0.390239 1.000000
0.027027 0.040816 0.040816 0.208333 0.000000
0.054054 0.072459 0.061224 0.250000 1.000000
0.135135 0.045089 0.061224 0.145833 0.000000
0.027027 0.061224 0.060298 0.214807 0.000000
0.054054 0.224490 0.224490 0.895833 0.000000
0.175676 0.142857 0.142857 0.250000 0.000000
0.148649 0.163265 0.163265 0.538443 0.000000
0.120020 0.095883 0.096722 0.333333 0.000000
0.054054 0.061224 0.074162 0.250000 0.000000
0.082308 0.285714 0.285714 0.577963 0.000000
0.054054 0.081633 0.081633 0.334998 1.000000
0.054054 0.124986 0.122449 0.520833 0.000000
0.054054 0.122449 0.122449 0.520833 0.000000
0.119045 0.061224 0.073927 0.343750 0.000000
0.061797 0.215270 0.204082 0.416667 0.000000
0.027027 0.020408 0.020408 0.109087 0.000000
0.027027 0.081633 0.106247 0.468750 1.000000
0.121622 0.135199 0.142857 0.375000 1.000000
0.054054 0.099858 0.102041 0.340928 0.000000
0.148649 0.122449 0.122449 0.469894 0.000000
0.070042 0.168192 0.163265 0.447917 0.000000
0.054054 0.105544 0.102041 0.520833 0.000000
0.054054 0.122449 0.122449 0.583333 0.000000
0.081081 0.015526 0.020408 0.093750 1.000000
0.054054 0.118583 0.122449 0.383266 0.000000
0.079917 0.163265 0.163265 0.375000 0.000000
0.148649 0.102041 0.102041 0.421790 0.000000
0.027027 0.020408 0.020408 0.145833 0.000000
0.027027 0.126555 0.126459 0.276879 0.000000
0.148649 0.095195 0.102041 0.260417 0.000000
0.148649 0.040816 0.032651 0.225345 0.000000
0.181466 0.000000 0.000000 0.106176 0.000000
0.054054 0.000000 0.000000 0.020833 0.000000
0.054054 0.000000 0.002066 0.020833 0.000000
0.054054 0.001126 0.000000 0.020833 0.000000
0.037041 0.003597 0.001689 0.020833 0.000000
0.054054 0.005942 0.000000 0.041351 1.000000
0.037041 0.003597 0.001689 0.020833 0.000000
0.054054 0.009126 0.008236 0.020833 0.000000
0.054054 0.000000 0.002066 0.020833 0.000000
0.054054 0.000000 0.000000 0.049027 0.000000
0.054054 0.009126 0.008236 0.020833 0.000000
0.054054 0.001126 0.000000 0.020833 1.000000
0.054054 0.000000 0.000000 0.049027 1.000000
0.126567 0.117861 0.115523 0.336085 0.000000
0.059028 0.000000 -0.002720 0.020833 1.000000
0.181466 0.000000 0.000000 0.106176 1.000000
0.054054 0.000000 0.000000 0.020833 0.000000
0.054054 0.040816 0.040816 0.206168 0.000000
0.054054 0.000000 0.002066 0.020833 0.000000
0.054054 0.000000 0.002066 0.020833 0.000000
0.054054 0.000000 0.000000 0.020833 0.000000
0.054054 0.000000 0.009848 0.063619 1.000000
0.054054 0.001126 0.000000 0.020833 0.000000
0.090141 0.142857 0.142857 0.385417 0.000000
0.189189 0.122449 0.122449 0.250000 0.000000
0.078796 0.178325 0.183673 0.458057 0.000000
0.148649 0.040816 0.040816 0.135417 0.000000
0.154539 0.020408 0.020408 0.125000 0.000000
0.027027 0.061224 0.061224 0.262132 0.000000
0.108108 0.163265 0.163265 0.522085 0.000000
0.108108 0.142857 0.142857 0.520833 1.000000
0.148649 0.425444 0.428571 0.716071 0.000000
0.153522 0.040816 0.040816 0.239583 1.000000
0.148649 0.326531 0.280126 0.802083 1.000000
0.132724 0.020408 0.020408 0.093750 0.000000
0.054054 0.144532 0.146289 0.458333 0.000000
0.085276 0.224490 0.224490 0.516645 0.000000
0.094430 0.224490 0.221216 0.533192 0.000000
0.148649 0.009067 0.007166 0.093750 0.000000
0.070914 0.011892 0.009840 0.093750 0.000000
0.148649 0.020408 0.020408 0.173398 0.000000
0.027027 0.102041 0.102041 0.375386 0.000000
0.148649 0.142857 0.142857 0.406250 1.000000
0.148649 0.040816 0.033997 0.145833 1.000000
0.162162 0.244898 0.244898 0.593750 0.000000
0.027027 0.040816 0.040816 0.343750 0.000000
0.064875 0.142857 0.142857 0.270833 0.000000
0.148649 0.122449 0.122449 0.469894 0.000000
0.054054 0.040816 0.040816 0.206168 0.000000
0.162162 0.224490 0.224490 0.583333 0.000000
0.054054 0.061224 0.083955 0.406250 0.000000
0.091470 0.265306 0.258888 0.572608 1.000000
0.027027 0.020408 0.020408 0.218750 0.000000
0.144719 0.040816 0.040816 0.313701 1.000000
0.131199 0.081633 0.081633 0.583333 0.000000
0.054054 0.061224 0.061224 0.427083 1.000000
0.040541 0.028422 0.020408 0.098878 0.000000
0.148649 0.134564 0.142857 0.461120 0.000000
0.054054 0.122449 0.122449 0.427162 0.000000
0.175676 0.061224 0.061224 0.197917 0.000000
0.216216 0.163858 0.204082 0.395833 0.000000
0.216216 0.122449 0.104174 0.270833 0.000000
0.094595 0.020408 0.026657 0.145833 0.000000
0.121324 0.081633 0.081633 0.407809 0.000000
0.131199 0.081633 0.081633 0.583333 0.000000
0.129707 0.061614 0.061224 0.348672 0.000000
0.189189 0.244898 0.244898 0.572917 0.000000
0.054054 0.040816 0.065470 0.333333 0.000000
0.076758 0.348163 0.346939 0.791667 0.000000
0.148649 0.142857 0.142857 0.479167 0.000000
0.189189 0.306122 0.306122 0.708333 0.000000
0.189189 0.051831 0.061224 0.208333 1.000000
0.189189 0.081633 0.081633 0.250000 0.000000
0.162083 0.020408 0.020408 0.212579 0.000000
0.148649 0.081633 0.088976 0.322917 0.000000
0.154539 0.020408 0.020408 0.125000 0.000000
0.054054 0.020408 0.020408 0.218750 0.000000
0.121622 0.020408 0.020408 0.145833 1.000000
0.189189 0.081633 0.079495 0.270833 1.000000
0.151342 0.040816 0.040816 0.177083 1.000000
0.107388 0.051018 0.061224 0.218750 1.000000
0.216216 0.177237 0.224490 0.500000 0.000000
0.148649 0.061224 0.068790 0.270833 0.000000
0.148649 0.081633 0.089331 0.343750 0.000000
0.148649 0.105936 0.103542 0.343750 0.000000
0.027027 0.061224 0.061224 0.708333 0.000000
0.092682 0.081633 0.094339 0.270833 0.000000
0.189189 0.014857 0.020408 0.199782 0.000000
0.189189 0.020408 0.020408 0.125000 0.000000
0.189189 0.020408 0.020408 0.125000 0.000000
0.189189 0.020408 0.011785 0.196908 0.000000
0.189189 0.020408 0.011785 0.196908 0.000000
0.189189 0.020408 0.014101 0.125000 0.000000
0.194063 0.040816 0.040816 0.520833 0.000000
0.096488 0.102041 0.117611 0.333333 0.000000
0.148649 0.081633 0.081633 0.364583 1.000000
0.054054 0.081633 0.081633 0.750000 0.000000
0.148649 0.040816 0.040816 0.218750 0.000000
0.216216 0.061224 0.061224 0.218750 0.000000
0.139645 0.033089 0.040816 0.177083 0.000000
0.121324 0.081633 0.081633 0.407809 0.000000
0.148649 0.020408 0.021418 0.145833 0.000000
0.162162 0.137740 0.163265 0.604167 0.000000
0.070578 0.005164 0.000000 0.072917 0.000000
0.120390 0.000000 0.000000 0.072917 0.000000
0.054054 0.026572 0.020408 0.105678 0.000000
0.148649 0.020408 0.023013 0.156250 0.000000
0.189189 0.061224 0.061224 0.343237 0.000000
0.098201 0.163265 0.163265 0.470131 1.000000
0.148649 0.081633 0.089942 0.406250 0.000000
0.088224 0.312114 0.306122 0.833333 0.000000
0.105721 0.084608 0.081633 0.510417 1.000000
0.129707 0.061614 0.061224 0.348672 0.000000
0.113010 0.142857 0.142857 0.500000 1.000000
0.109210 0.122449 0.122449 0.446615 0.000000
0.163241 0.020408 0.020408 0.145833 0.000000
0.114278 0.122067 0.122969 0.406250 0.000000
0.189189 0.306122 0.300073 1.000000 0.000000
0.189189 0.060092 0.061224 0.270833 1.000000
0.216216 0.122449 0.122449 0.385417 0.000000
0.189189 0.122449 0.122449 0.481715 0.000000
0.108899 0.097125 0.102041 0.403640 0.000000
0.216216 0.102041 0.093362 0.343750 1.000000
0.148649 0.122840 0.122177 0.625000 1.000000
0.216216 0.020408 0.020408 0.145833 0.000000
0.216216 0.058549 0.058724 0.374055 1.000000
0.148649 0.040816 0.052914 0.270833 0.000000
0.122402 0.122449 0.122449 0.645833 0.000000
0.148649 0.000000 0.000000 0.093750 1.000000
0.160684 0.040816 0.040816 0.333333 0.000000
0.189189 0.061224 0.061224 0.291667 0.000000
0.310811 0.755102 0.755102 1.000000 0.000000
0.148649 0.095274 0.102041 0.583333 0.000000
0.143016 0.000000 0.000000 0.093750 0.000000
0.148649 0.000000 0.000000 0.093962 0.000000
0.148649 0.000000 -0.001176 0.114563 0.000000
0.165694 0.000000 0.004550 0.146853 0.000000
0.181466 0.000000 0.000000 0.106176 0.000000
0.148649 0.000000 0.000000 0.093750 0.000000
0.148649 0.000000 0.000000 0.093750 0.000000
0.148649 0.009067 0.007166 0.093750 0.000000
0.148649 0.020408 0.020408 0.173398 0.000000
0.125643 0.081633 0.081633 0.500000 0.000000
0.148649 0.031094 0.020408 0.197917 0.000000
0.216216 0.061224 0.061224 0.356962 0.000000
0.054054 0.020408 0.020408 0.406250 0.000000
0.216216 0.102041 0.102041 0.395833 0.000000
0.151997 0.040816 0.040816 0.250000 0.000000
0.121622 0.020408 0.037602 0.250000 0.000000
0.283784 0.306122 0.288011 0.757357 0.000000
0.126567 0.117861 0.115523 0.336085 0.000000
0.148649 0.020408 0.020408 0.173398 0.000000
0.144719 0.040816 0.040816 0.313701 0.000000
0.092137 0.244898 0.244898 0.572917 0.000000
0.148649 0.102041 0.102041 0.718750 0.000000
0.162083 0.020408 0.020408 0.212579 1.000000
0.077988 0.285714 0.297830 0.572917 0.000000
0.189189 0.061224 0.061224 0.375000 0.000000
0.148649 0.020408 0.020408 0.173398 0.000000
0.216216 0.081633 0.081633 0.395833 1.000000
0.251308 0.020408 0.020408 0.510417 1.000000
0.189189 0.040816 0.030121 0.254532 0.000000
0.054054 0.020408 0.023456 0.117380 0.000000
0.121622 0.061224 0.061224 0.656250 0.000000
0.129707 0.061614 0.061224 0.348672 0.000000
0.148649 0.057344 0.040816 0.395833 1.000000
0.189189 0.109820 0.110958 0.500000 0.000000
0.165694 0.000000 0.004550 0.146853 0.000000
0.174670 0.000000 0.000000 0.125000 0.000000
0.189189 0.000000 0.000000 0.114336 0.000000
0.189189 0.000000 0.000000 0.125000 0.000000
0.189189 0.000000 0.000000 0.125000 0.000000
0.174670 0.000000 0.000000 0.125000 0.000000
0.106423 0.015612 0.013672 0.125000 0.000000
0.189189 0.000000 0.000000 0.125000 0.000000
0.189189 0.109559 0.122449 0.437858 0.000000
0.189189 0.000000 0.000000 0.125000 0.000000
0.174670 0.000000 0.000000 0.125000 0.000000
0.121622 0.040816 0.040816 0.237317 0.000000
0.126205 0.122449 0.122449 0.739583 0.000000
0.135471 0.061224 0.074820 0.583333 0.000000
0.148649 0.061224 0.075250 0.593750 0.000000
0.054054 0.020408 0.040487 0.593750 0.000000
0.148649 0.061224 0.061224 0.321950 0.000000
0.120109 0.061788 0.061224 0.395833 0.000000
0.216216 0.183673 0.175669 0.906250 0.000000
0.283784 0.020408 0.020408 0.197917 1.000000
0.283784 0.040816 0.040816 0.250000 0.000000
0.122310 0.142857 0.142857 0.770833 0.000000
0.283784 0.040816 0.040816 0.250000 1.000000
0.243243 0.050250 0.050538 0.380847 0.000000
0.310811 0.053007 0.081633 0.322917 0.000000
0.104501 0.142857 0.142857 0.458333 0.000000
0.216216 0.030134 0.040816 0.265118 0.000000
0.189189 0.085112 0.081633 0.645833 0.000000
0.189189 0.040816 0.040816 0.270538 0.000000
0.216216 0.000000 0.000000 0.130955 0.000000
0.216216 0.000000 0.000000 0.145833 0.000000
0.216216 0.000000 0.000000 0.145833 0.000000
0.216216 0.000000 0.004670 0.145833 0.000000
0.216216 0.006424 0.000000 0.145833 0.000000
0.216216 0.058549 0.058724 0.374055 0.000000
0.216216 0.000000 0.000000 0.130955 0.000000
0.216216 0.061224 0.065460 0.447917 0.000000
0.193135 0.000000 0.000000 0.145833 0.000000
0.216216 0.006424 0.000000 0.145833 0.000000
0.216216 0.015016 0.013161 0.145833 0.000000
0.216216 0.006424 0.000000 0.145833 0.000000
0.216216 0.000000 0.000000 0.145833 0.000000
0.209597 0.020408 0.020408 0.250000 0.000000
0.283784 0.020408 0.020408 0.264804 0.000000
0.216216 0.020408 0.011411 0.217763 0.000000
0.212291 0.020408 0.020408 0.218750 0.000000
0.126567 0.117861 0.115523 0.336085 0.000000
0.189189 0.061224 0.061224 0.343237 0.000000
0.216216 0.068309 0.081633 0.365809 0.000000
0.215107 0.014961 0.020408 0.218750 0.000000
0.119079 0.078594 0.081633 0.375972 0.000000
0.310811 0.029857 0.029911 0.380116 0.000000
0.216216 0.040816 0.040816 0.395833 0.000000
0.121622 0.020408 0.020408 0.161427 0.000000
0.121622 0.020420 0.020408 0.145999 0.000000
0.216216 0.107940 0.122449 0.450513 1.000000
0.189189 0.114242 0.113715 0.645833 0.000000
0.224685 0.022102 0.020408 0.343750 0.000000
0.126567 0.117861 0.115523 0.336085 0.000000
0.283784 0.020408 0.020408 0.239583 0.000000
0.194063 0.040816 0.040816 0.520833 0.000000
0.091470 0.265306 0.258888 0.572608 0.000000
0.243243 0.288326 0.275899 0.968750 0.000000
0.216216 0.040816 0.040816 0.458333 0.000000
0.189792 0.040816 0.039365 0.770833 0.000000
0.148649 0.020408 0.020408 0.520833 0.000000
0.148649 0.147661 0.143628 0.770833 0.000000
0.310811 0.224490 0.224490 0.875000 0.000000
0.283784 0.040816 0.035395 0.343750 0.000000
0.310811 0.020408 0.015004 0.250000 0.000000
0.310811 0.010958 0.020408 0.284088 0.000000
0.104112 0.142857 0.142857 0.458601 0.000000
0.216216 0.040816 0.055803 0.500000 0.000000
0.144719 0.040816 0.040816 0.313701 0.000000
0.283784 0.035572 0.040816 0.375000 0.000000
0.200653 0.023224 0.020408 0.270833 0.000000
0.283784 0.000000 0.000000 0.197917 0.000000
0.283784 0.000000 0.000000 0.184801 0.000000
0.283784 0.000000 0.002023 0.197917 0.000000
0.283784 0.000000 0.000000 0.197917 0.000000
0.283784 0.018054 0.015857 0.197917 0.000000
0.252679 0.000000 0.000000 0.197917 0.000000
0.283784 0.000000 0.000000 0.197917 0.000000
0.283784 -0.003979 0.000000 0.213312 0.000000
0.252679 0.000000 0.000000 0.197917 0.000000
0.250067 -0.000778 0.000000 0.197917 1.000000
0.181466 0.000000 0.000000 0.106176 0.000000
0.283784 0.000000 0.000000 0.184801 0.000000
0.132765 0.081633 0.081633 0.604167 0.000000
0.121662 0.061224 0.068271 0.447917 0.000000
0.130600 0.061224 0.061224 0.361731 0.000000
0.297297 0.000000 0.000000 0.196608 1.000000
0.148649 0.020408 0.020408 0.173398 0.000000
0.310811 0.081633 0.081633 0.583333 0.000000
0.310811 0.040816 0.040816 0.395833 0.000000
0.310811 0.033979 0.040816 0.406250 0.000000
0.209406 0.040816 0.040816 0.843750 0.000000
0.283784 0.020408 0.020408 0.343750 0.000000
0.111634 0.081633 0.094399 0.489583 1.000000
0.132589 0.102041 0.102041 0.708333 0.000000
0.310811 0.000000 0.000000 0.218750 0.000000
0.172723 -0.001193 0.000000 0.081348 0.000000
0.265736 0.000000 0.000000 0.218750 0.000000
0.310811 0.000000 0.002981 0.218750 0.000000
0.310811 0.003668 0.000000 0.218750 0.000000
0.310811 0.000000 0.000000 0.218750 0.000000
0.310811 -0.005087 0.000000 0.233986 0.000000
0.265736 0.000000 0.000000 0.218750 0.000000
0.129707 0.061614 0.061224 0.348672 0.000000
0.148054 0.102041 0.102041 0.875000 0.000000
0.163977 0.044606 0.040816 0.479167 0.000000
0.283784 0.020408 0.011948 0.283829 0.000000
0.283784 0.040816 0.040816 0.645833 0.000000
0.216216 0.058549 0.058724 0.374055 0.000000
0.283784 0.040816 0.040816 0.708333 0.000000
0.310811 0.066969 0.061224 0.885417 0.000000
0.184210 0.062066 0.040816 0.906250 0.000000
0.310811 0.020408 0.020408 0.885417 0.000000
0.175009 0.037209 0.040816 0.645833 0.000000
0.172723 -0.001193 0.000000 0.081348 0.000000
0.282557 -0.001291 0.000000 0.375000 0.000000
0.540541 0.000000 0.000000 0.395833 0.000000
1.000000 0.000000 0.000000 0.706883 0.000000
0.033515 0.855688 0.857143 0.875000 1.000000
0.081081 0.428571 0.428571 0.270833 1.000000
0.027027 0.673469 0.673469 0.851473 1.000000
0.027027 0.649021 0.614814 1.000000 0.000000
0.000000 0.501219 0.510204 0.644238 1.000000
0.027027 0.816327 0.816327 1.000000 1.000000
0.040541 0.408163 0.408163 0.651297 1.000000
0.041752 0.204082 0.204082 0.218750 0.000000
0.027027 0.408163 0.379837 0.520833 1.000000
0.027027 0.244898 0.253662 0.486057 1.000000
0.054054 0.061224 0.025968 0.020833 1.000000
0.045646 0.204082 0.204082 0.250000 0.000000
0.027027 0.204082 0.202194 0.270833 0.000000
0.040541 0.265306 0.265306 0.343750 0.000000
0.054054 0.306122 0.290290 0.375000 1.000000
0.054054 0.102041 0.102041 0.125000 0.000000
0.125511 0.081633 0.075953 0.397333 1.000000
0.072222 0.653061 0.653061 0.819894 1.000000
0.040541 0.183673 0.183673 0.508393 1.000000
0.054054 0.183673 0.183673 0.517539 1.000000
0.068306 0.204082 0.204082 0.395833 1.000000
0.027027 0.204082 0.204082 0.406250 1.000000
0.054054 0.247553 0.244898 0.385417 1.000000
0.013514 0.183673 0.183673 0.427083 1.000000
0.054054 0.157412 0.163265 0.270833 0.000000
0.027027 0.033554 0.031593 0.093750 0.000000
0.027027 0.051797 0.049705 0.145833 1.000000
0.082308 0.285714 0.285714 0.577963 0.000000
0.047305 0.469388 0.469388 0.802083 0.000000
0.074302 0.088195 0.102041 0.208333 1.000000
0.054054 0.081633 0.081633 0.334998 1.000000
0.075626 0.050021 0.061224 0.125000 1.000000
0.054054 0.140749 0.142857 0.270833 0.000000
0.027027 0.061224 0.061224 0.125000 0.000000
0.027027 0.102041 0.102041 0.375386 0.000000
0.054054 0.081633 0.070759 0.145833 1.000000
0.080248 0.122449 0.122449 0.312500 1.000000
0.027027 0.102386 0.102041 0.326574 1.000000
0.088219 0.142857 0.142857 0.375000 1.000000
0.042389 0.011054 0.020408 0.020833 1.000000
0.027027 0.102041 0.119228 0.270833 1.000000
0.027027 0.183673 0.183673 0.520833 0.000000
0.054054 0.306122 0.298754 0.571166 1.000000
0.054054 0.020408 0.020408 0.127780 1.000000
0.013514 0.373017 0.265306 0.968750 0.000000
0.081517 0.020408 0.020408 0.020833 1.000000
0.094595 0.248218 0.265306 0.479167 0.000000
0.101721 0.040816 0.040816 0.093750 0.000000
0.109718 0.224490 0.224490 0.708333 1.000000
0.054054 0.122449 0.122449 0.312500 1.000000
0.054054 0.061224 0.056972 0.227037 0.000000
0.027027 0.102041 0.102041 0.343750 1.000000
0.054054 0.106143 0.102041 0.270833 1.000000
0.027027 0.040816 0.040991 0.161090 0.000000
0.105176 0.061224 0.061224 0.218750 0.000000
0.095145 0.061224 0.056126 0.166667 0.000000
0.067568 0.102041 0.102041 0.270833 0.000000
0.081804 0.105128 0.102041 0.291667 0.000000
0.189189 0.068514 0.081633 0.351933 0.000000
0.040541 0.142857 0.142857 0.500000 0.000000
0.054054 0.204082 0.204082 0.645833 1.000000
0.054054 0.163265 0.163265 0.520833 0.000000
0.054054 0.310323 0.306122 0.615189 1.000000
0.094595 0.183673 0.183673 0.540542 0.000000
0.079636 0.265306 0.265306 0.556704 0.000000
0.027027 0.170492 0.163265 0.760417 0.000000
0.115212 0.102041 0.102041 0.432330 0.000000
0.054054 0.163265 0.163265 0.552083 0.000000
0.054054 0.102041 0.102041 0.343750 1.000000
0.027027 0.118701 0.102041 0.447917 0.000000
0.104481 0.102041 0.111526 0.468750 0.000000
0.054054 0.020702 0.018764 0.072917 0.000000
0.027027 0.020408 0.026872 0.093750 1.000000
0.027027 0.020408 0.020408 0.093750 0.000000
0.027027 0.020408 0.020408 0.109087 1.000000
0.054054 0.102041 0.102041 0.375000 1.000000
0.040541 0.061224 0.061224 0.281250 1.000000
0.121622 0.117220 0.114689 0.375000 0.000000
0.086664 0.081633 0.081633 0.166667 0.000000
0.156458 0.040816 0.040816 0.197917 0.000000
0.126567 0.117861 0.115523 0.336085 0.000000
0.027027 0.000000 0.000000 0.000000 1.000000
0.037395 0.002449 0.000000 0.000000 0.000000
0.027027 0.000000 0.000000 0.000000 0.000000
0.027027 0.000000 0.000000 0.035496 0.000000
0.072150 0.000000 0.000000 0.000000 0.000000
0.037395 0.002449 0.000000 0.000000 1.000000
0.027027 0.006725 0.000000 0.024746 0.000000
0.126567 0.117861 0.115523 0.336085 0.000000
0.027027 0.002764 0.000000 0.000000 0.000000
0.027027 0.000000 0.000000 0.000000 0.000000
0.085797 0.204082 0.204082 0.496455 0.000000
0.164356 0.031106 0.040816 0.208333 0.000000
0.062681 0.206190 0.204082 0.489583 1.000000
0.126567 0.117861 0.115523 0.336085 0.000000
0.040541 0.081633 0.081633 0.375000 0.000000
0.077908 0.000000 0.000000 0.010417 1.000000
0.108899 0.097125 0.102041 0.403640 0.000000
0.027027 0.087072 0.086676 0.229167 0.000000
0.061620 0.217022 0.204082 0.385417 0.000000
0.027027 0.020408 0.030635 0.125000 0.000000
0.054054 0.102041 0.102041 0.458333 0.000000
0.121622 0.040816 0.030752 0.125000 0.000000
0.063570 0.142857 0.142857 0.250000 0.000000
0.054054 0.025327 0.020408 0.114583 0.000000
0.054054 0.204082 0.204082 0.968750 0.000000
0.120113 0.224239 0.215693 0.781250 0.000000
0.027027 0.122449 0.122449 0.781250 0.000000
0.054054 0.000000 0.000000 0.020833 0.000000
0.054054 0.000000 0.009848 0.063619 0.000000
0.059028 0.000000 -0.002720 0.020833 0.000000
0.054054 0.009126 0.008236 0.020833 0.000000
0.054054 0.000000 0.000000 0.020833 1.000000
0.054054 0.001126 0.000000 0.020833 0.000000
0.083925 0.000000 0.000000 0.020833 0.000000
0.054054 0.009126 0.008236 0.020833 0.000000
0.054054 0.005942 0.000000 0.041351 0.000000
0.083925 0.000000 0.000000 0.020833 0.000000
0.165694 0.000000 0.004550 0.146853 1.000000
0.054054 0.000000 0.000000 0.020833 0.000000
0.054054 0.122449 0.122449 0.625000 0.000000
0.045629 0.002153 0.000000 0.020833 0.000000
0.054054 0.061224 0.061224 0.333333 1.000000
0.148649 0.102041 0.102041 0.270833 0.000000
0.175676 0.040816 0.040816 0.263448 1.000000
0.094595 0.081633 0.081633 0.352729 0.000000
0.121622 0.126872 0.126395 0.541667 0.000000
0.148649 0.009067 0.007166 0.093750 0.000000
0.126416 0.085548 0.081633 0.635417 0.000000
0.085797 0.204082 0.204082 0.496455 0.000000
0.108108 0.163265 0.150620 0.645833 0.000000
0.027027 0.020408 0.041453 0.208333 0.000000
0.081081 0.040816 0.040816 0.250000 0.000000
0.082308 0.285714 0.285714 0.577963 0.000000
0.175676 0.040816 0.040816 0.145833 0.000000
0.148649 0.264121 0.255277 0.906250 0.000000
0.054054 0.082870 0.081633 0.583333 0.000000
0.189189 0.094919 0.092200 0.343750 0.000000
0.148649 0.061224 0.067367 0.260417 0.000000
0.094595 0.315121 0.305954 0.906250 1.000000
0.148649 0.142857 0.135272 0.520833 1.000000
0.126718 0.081633 0.081633 0.520833 0.000000
0.148649 0.101979 0.102041 0.406250 0.000000
0.135135 0.081633 0.091232 0.375000 0.000000
0.189189 0.014857 0.020408 0.199782 1.000000
0.189189 0.020408 0.020408 0.125000 0.000000
0.189189 0.020408 0.020408 0.125000 0.000000
0.027027 0.020408 0.026222 0.108118 0.000000
0.148649 0.040816 0.032651 0.225345 0.000000
0.189189 0.142857 0.142857 0.530754 0.000000
0.121622 0.000000 0.002787 0.098345 0.000000
0.121324 0.081633 0.081633 0.407809 0.000000
0.104552 0.061224 0.061224 0.250000 0.000000
0.054054 0.020408 0.020408 0.291667 0.000000
0.189189 0.040500 0.040816 0.197917 0.000000
0.216216 0.252488 0.306122 0.781250 0.000000
0.054054 0.020408 0.020408 0.127780 0.000000
0.189189 0.142857 0.131739 0.500000 0.000000
0.148649 0.040816 0.040816 0.250000 0.000000
0.109484 0.127127 0.130935 0.447917 0.000000
0.202703 0.081633 0.081633 0.322917 0.000000
0.216216 0.058549 0.058724 0.374055 0.000000
0.216216 0.040816 0.040816 0.197917 0.000000
0.148649 0.134621 0.131115 0.729167 0.000000
0.143016 0.000000 0.000000 0.093750 0.000000
0.134866 0.000000 0.001836 0.093750 0.000000
0.165694 0.000000 0.004550 0.146853 0.000000
0.148649 -0.001539 0.000000 0.100837 1.000000
0.148649 0.000000 -0.000801 0.093750 0.000000
0.027027 0.040816 0.040816 0.760417 1.000000
0.216911 0.040816 0.040816 0.781250 0.000000
0.102531 0.061534 0.061224 0.270833 0.000000
0.216216 0.179281 0.172110 0.885417 0.000000
0.105600 0.265306 0.265306 0.843750 0.000000
0.216216 0.183673 0.183673 0.595579 0.000000
0.156610 0.040816 0.040816 0.218750 0.000000
0.189189 0.046387 0.040816 0.250000 0.000000
0.079508 0.367347 0.361610 0.625000 0.000000
0.148649 0.122449 0.122449 0.760417 0.000000
0.149440 0.040816 0.040816 0.270833 0.000000
0.098481 0.265306 0.265306 0.697917 1.000000
0.162083 0.020408 0.020408 0.212579 0.000000
0.148649 0.020408 0.020408 0.173398 0.000000
0.149026 0.042662 0.040816 0.303090 0.000000
0.110267 0.061224 0.061224 0.322917 0.000000
0.283784 0.122449 0.122449 0.375000 0.000000
0.139229 0.122449 0.128478 0.770833 0.000000
0.115212 0.102041 0.102041 0.432330 0.000000
0.189189 0.040816 0.040816 0.322917 0.000000
0.189189 0.000000 0.000000 0.125000 0.000000
0.189189 0.000000 0.000000 0.125000 0.000000
0.189189 0.000000 0.000000 0.125000 0.000000
0.189189 0.005177 0.000000 0.125000 0.000000
0.189189 -0.001742 0.000000 0.135349 0.000000
0.189189 0.000000 0.000000 0.125000 0.000000
0.120436 0.122449 0.122449 0.583333 1.000000
0.189189 0.040816 0.051274 0.343750 0.000000
0.189189 0.050651 0.040816 0.343750 0.000000
0.216216 0.122449 0.113482 0.645833 0.000000
0.166094 0.031486 0.029629 0.197917 0.000000
0.163394 0.040816 0.040816 0.343750 0.000000
0.216216 0.015016 0.013161 0.145833 0.000000
0.216216 0.000000 0.000000 0.130955 0.000000
0.216216 0.000000 0.000000 0.130955 0.000000
0.180920 0.000000 0.007647 0.145833 0.000000
0.216216 0.006424 0.000000 0.145833 0.000000
0.189189 0.020408 0.020408 0.281250 0.000000
0.148649 0.061224 0.061224 0.750000 0.000000
0.148649 0.044514 0.020408 0.375000 1.000000
0.283784 0.102041 0.085414 0.479167 0.000000
0.310811 0.020408 0.011613 0.304312 0.000000
0.114592 0.102041 0.102041 0.447917 0.000000
0.189189 0.014857 0.020408 0.199782 1.000000
0.216216 0.134752 0.130754 0.822917 0.000000
0.216216 0.061224 0.061224 0.583333 0.000000
0.141452 0.081633 0.081633 0.718750 0.000000
0.283784 0.017693 0.020408 0.250000 0.000000
0.283784 0.034072 0.040816 0.343750 0.000000
0.283784 0.040816 0.035395 0.343750 0.000000
0.310811 0.142857 0.142857 0.575610 0.000000
0.283784 0.040816 0.040816 0.375000 0.000000
0.173104 0.043119 0.040816 0.343750 0.000000
0.177468 0.040816 0.040816 0.395833 0.000000
0.310811 0.020408 0.020408 0.270833 0.000000
0.283784 0.000000 0.002023 0.197917 0.000000
0.283784 0.000000 0.000000 0.184801 0.000000
0.337838 0.102041 0.102041 0.500000 0.000000
0.283784 0.005038 0.000000 0.197917 0.000000
0.283784 0.005038 0.000000 0.197917 0.000000
0.149026 0.042662 0.040816 0.303090 0.000000
0.162083 0.020408 0.020408 0.212579 0.000000
0.189189 0.063220 0.040816 0.802083 0.000000
0.181466 0.000000 0.000000 0.106176 1.000000
0.265736 0.000000 0.000000 0.218750 0.000000
0.310811 0.000000 0.000000 0.208547 0.000000
0.310811 0.020196 0.018008 0.218750 0.000000
0.265736 0.000000 0.000000 0.218750 0.000000
0.310811 0.000000 0.000000 0.218750 0.000000
0.310811 0.003668 0.000000 0.218750 0.000000
0.310811 0.061224 0.061224 0.413708 0.000000
0.172723 -0.001193 0.000000 0.081348 0.000000
0.109210 0.122449 0.122449 0.446615 0.000000
0.216216 0.040816 0.065068 0.875000 0.000000
0.310811 0.020408 0.011613 0.304312 0.000000
0.283784 0.020408 0.011948 0.283829 0.000000
0.310811 0.040816 0.030614 0.354171 0.000000
0.527027 0.028466 0.019552 0.451571 0.000000
0.972973 0.000000 0.000000 0.729167 0.000000
