0.540000 0.542857 0.550000 0.464567 0.483516 0.000000 0.110000
0.535425 0.568287 0.550000 0.487394 0.483516 0.076923 0.270000
0.586919 0.542857 0.550000 0.547270 0.556129 0.153846 0.470000
0.540000 0.542857 0.550000 0.464567 0.483516 0.230769 0.780000
0.538007 0.542857 0.559681 0.464567 0.590066 0.307692 1.180000
0.519648 0.484739 0.550000 0.481560 0.488397 0.384615 1.820000
0.540000 0.424637 0.534649 0.464567 0.483516 0.606285 2.610000
0.589086 0.542857 0.550000 0.537719 0.511039 0.538462 3.760000
0.540000 0.398424 0.550000 0.411976 0.479035 0.615385 4.990000
0.540000 0.542857 0.593698 0.543460 0.483516 0.682649 7.160000
0.540000 0.504212 0.550000 0.484844 0.483516 0.514812 11.930000
0.540000 0.542857 0.550000 0.464567 0.483516 0.846154 20.110001
0.540000 0.542857 0.550000 0.573806 0.478457 0.614815 32.750000
0.540000 0.542857 0.550000 0.511034 0.361664 1.000000 49.490002
0.540000 0.557143 1.036608 0.443994 1.000000 0.000000 0.040000
0.540000 0.649593 0.468865 0.386106 0.542380 0.076923 0.170000
0.540000 0.200070 0.924429 0.090551 1.000000 0.563283 0.370000
0.530152 0.557143 0.550000 0.090551 1.000000 0.230769 0.660000
0.540000 0.557143 0.971820 0.090551 1.000000 0.307692 1.060000
0.540000 0.203578 0.550000 0.090551 1.000000 0.492346 1.590000
0.540000 0.557143 0.550000 0.090551 0.598828 0.461538 2.330000
0.540000 0.339125 0.550000 0.392859 1.000000 0.439940 3.290000
0.540000 0.557143 0.550000 0.090551 0.592459 0.615385 4.610000
0.566569 0.557143 0.550000 0.090551 1.000000 0.692308 7.110000
0.578892 0.557143 0.550000 0.090551 1.000000 0.769231 11.990000
0.540000 0.557143 0.550000 0.090551 1.000000 0.846154 21.090000
0.540000 0.096339 0.550000 0.090551 1.000000 0.923077 35.009998
0.540000 0.557143 0.550000 0.090551 0.640826 0.492773 51.799999
0.540000 0.500000 0.529223 0.377273 0.617929 0.000000 0.090000
0.540000 0.500000 0.550000 1.000000 0.032967 0.668474 0.290000
0.477493 0.500000 0.550000 1.000000 0.032967 0.153846 0.560000
0.540000 0.500000 0.550000 1.000000 0.032967 0.668474 0.860000
0.466275 0.500000 0.550000 0.671505 0.032967 0.307692 1.310000
0.433261 0.500000 0.438437 1.000000 0.032967 0.746460 1.990000
0.540000 0.500000 0.550000 1.000000 0.214219 0.623550 2.940000
0.540000 0.500000 0.550000 0.687081 0.032967 0.538462 4.210000
0.580179 0.500000 0.550000 0.521418 0.498915 0.615385 5.540000
0.540000 0.500000 0.550000 1.000000 0.251736 0.692308 8.250000
0.540000 0.730198 0.550000 1.000000 0.032967 0.640410 13.080000
0.540000 0.500000 0.550000 1.000000 0.032967 0.668474 21.400000
0.540000 0.788006 0.550000 1.000000 0.231257 0.636027 33.139999
0.540000 0.500000 0.550000 1.000000 0.032967 1.000000 50.139999
0.540000 0.485714 0.950000 0.448819 0.879121 0.000000 0.200000
0.540000 0.485714 0.907389 0.448819 0.879121 0.436336 0.350000
0.548694 0.485714 0.882358 0.448819 0.879121 0.374382 0.650000
0.540000 0.485714 0.950000 0.480593 0.879121 0.230769 0.930000
0.546126 0.485714 0.856292 0.443878 0.879121 0.441989 1.370000
0.540000 0.485714 0.950000 0.448819 0.879121 0.384615 1.970000
0.540000 0.478919 0.950000 0.458351 0.879121 0.461538 2.830000
0.414763 0.491011 0.950000 0.468382 0.879121 0.538462 3.990000
0.424468 0.488376 0.950000 0.465766 0.879121 0.615385 5.190000
0.540000 0.485714 0.934735 0.448819 0.879121 0.692308 8.030000
0.540000 0.485714 0.950000 0.448819 0.879121 0.769231 12.860000
0.564156 0.485714 0.940618 0.448819 0.879121 0.846154 21.510000
0.540000 0.485714 0.950000 0.448819 0.879121 0.923077 33.970001
0.540000 0.523535 0.468992 0.388041 0.586977 0.443515 50.360001
0.520000 0.628571 0.025000 0.452756 0.032967 0.000000 0.200000
0.520000 0.628571 0.025000 0.545393 0.032967 0.563727 0.350000
0.520000 0.628571 0.485010 0.452756 0.566451 0.153846 0.650000
0.520000 0.628571 0.458328 0.452756 0.552950 0.230769 0.930000
0.520000 0.628571 0.025000 0.452756 0.032967 0.621499 1.370000
0.520000 0.757694 0.025000 0.452756 0.223785 0.384615 1.970000
0.573431 0.717035 0.025000 0.452756 0.222529 0.461538 2.830000
0.520000 0.628571 0.025000 0.452756 0.194012 0.538462 3.990000
0.520000 0.628571 0.025000 0.452756 0.032967 0.621499 5.190000
0.514247 0.628571 0.025000 0.452756 0.203089 0.692308 8.030000
0.520000 0.807167 0.025000 0.609246 0.032967 0.769231 12.860000
0.520000 0.628571 0.455926 0.452756 0.439172 0.846154 21.510000
0.520000 0.761657 0.025000 0.452756 0.032967 0.923077 33.970001
0.494374 0.628571 0.025000 0.452756 0.032967 1.000000 50.360001
0.578083 0.542857 0.544761 0.453155 0.574371 0.478887 0.120000
0.520000 0.542857 0.000000 0.066929 0.461538 0.076923 0.260000
0.520000 0.542857 0.000000 0.066929 0.461538 0.153846 0.430000
0.552522 0.476008 0.557678 0.456880 0.461538 0.230769 0.690000
0.530665 0.519729 0.000000 0.296819 0.461538 0.307692 1.090000
0.520000 0.612736 0.000000 0.409884 0.291185 0.384615 1.670000
0.520000 0.542857 0.394699 0.419395 0.541365 0.492089 2.460000
0.500501 0.542857 0.000000 0.346581 0.461538 0.538462 3.430000
0.520000 0.260271 0.391006 0.066929 0.651162 0.615385 4.620000
0.520000 0.542857 0.355185 0.066929 0.705326 0.510675 6.860000
0.520000 0.542857 0.000000 0.066929 0.361086 0.769231 11.560000
0.520000 0.542857 0.000000 0.394402 0.461538 0.846154 20.629999
0.520000 0.542857 0.443498 0.066929 0.461538 0.923077 34.500000
0.520000 0.542857 0.000000 0.345977 0.461538 0.465840 54.230000
0.540000 0.457143 1.000000 0.516071 0.810139 0.582101 0.280000
0.540000 0.457143 1.000000 0.842520 0.483516 0.076923 0.440000
0.540000 0.457143 1.000000 0.842520 0.483516 0.153846 0.700000
0.540000 0.457143 1.000000 0.536894 0.483516 0.664631 1.070000
0.540000 0.457143 1.000000 0.842520 0.483516 0.625356 1.570000
0.482259 0.841546 0.688709 0.842520 0.378453 0.384615 2.230000
0.540000 0.381704 0.551826 0.377233 0.483516 0.576380 3.090000
0.399830 0.478297 1.000000 0.457730 0.819716 0.538462 4.090000
0.427337 0.457143 1.000000 0.495941 0.483516 0.615385 5.820000
0.540000 0.457143 1.000000 0.842520 0.483516 0.692308 8.280000
0.540000 0.626184 1.000000 0.842520 0.483516 0.769231 12.800000
0.540000 0.457143 1.000000 0.458578 0.695087 0.846154 20.410000
0.540000 0.457143 1.000000 0.503853 0.483516 0.923077 32.340000
0.511672 0.457143 0.794171 0.842520 0.483516 1.000000 47.290001
0.520000 0.785714 0.550000 0.563069 0.455692 0.000000 0.200000
0.520000 0.785714 0.550000 0.703030 0.340358 0.496236 0.380000
0.520000 0.469572 0.550000 0.405512 0.648352 0.523022 0.640000
0.541140 0.785714 0.550000 0.405512 0.457802 0.230769 0.970000
0.520000 0.415938 0.550000 0.405512 0.648352 0.307692 1.360000
0.597652 0.463212 0.739795 0.405512 0.648352 0.531757 1.980000
0.520000 0.785714 0.306240 0.405512 0.473175 0.461538 2.910000
0.520000 0.785714 0.550000 0.703030 0.340358 0.496236 4.350000
0.520000 0.785714 0.550000 0.405512 0.648352 0.615385 5.790000
0.520000 0.785714 0.550000 0.405512 0.648352 0.545217 8.040000
0.520000 0.425889 0.550000 0.405512 0.648352 0.769231 12.150000
0.520000 0.373054 0.776716 0.405512 0.648352 0.846154 19.180000
0.520000 0.785714 0.550000 0.703030 0.340358 0.496236 30.090000
0.520000 0.785714 0.550000 0.405512 0.648352 0.545217 44.380001
0.560000 0.458706 0.527336 0.506514 0.373626 0.618211 0.150000
0.603320 0.228571 0.461248 0.519685 0.373626 0.540513 0.320000
0.560000 0.700712 0.550000 0.519685 0.373626 0.153846 0.550000
0.614902 0.741543 0.534566 0.519685 0.373626 0.230769 0.860000
0.600333 0.708796 0.527632 0.519685 0.373626 0.307692 1.240000
0.560000 0.228571 0.550000 0.416412 0.540115 0.384615 1.760000
0.559383 0.228571 0.550000 0.519685 0.373626 0.461538 2.490000
0.560000 0.543909 0.550000 0.519685 0.373626 0.538462 3.450000
0.560000 0.569340 0.550000 0.519685 0.373626 0.515561 4.830000
0.560000 0.228571 0.550000 0.519685 0.575966 0.530179 7.370000
0.560000 0.228571 0.550000 0.519685 0.373626 0.769231 12.760000
0.560000 0.228571 0.550000 0.519685 0.373626 0.612966 21.990000
0.609752 0.516615 0.628564 0.519685 0.373626 0.923077 35.639999
0.603320 0.228571 0.461248 0.519685 0.373626 0.540513 53.070000
1.000000 0.500000 0.537500 0.425537 0.461538 0.512638 0.110000
1.000000 0.500000 0.537500 0.464567 0.461538 0.076923 0.240000
0.567218 0.500000 0.622088 0.464567 0.646620 0.472405 0.490000
1.000000 0.500000 0.537500 0.464567 0.461538 0.466575 0.790000
1.000000 0.500000 0.563278 0.464567 0.461538 0.405994 1.280000
1.000000 0.500000 0.537500 0.425537 0.461538 0.512638 1.960000
1.000000 0.500000 0.537500 0.429518 0.531811 0.446749 2.880000
1.000000 0.500000 0.537500 0.471203 0.461538 0.538462 4.140000
1.000000 0.500000 0.537500 0.464567 0.461538 0.466575 5.960000
1.000000 0.500000 0.537500 0.425537 0.461538 0.512638 9.070000
0.576964 0.500000 0.537500 0.464567 0.461538 0.769231 14.930000
1.000000 0.668446 0.537500 0.464567 0.461538 0.846154 24.129999
1.000000 0.555392 0.614295 0.373241 0.461538 0.569772 38.119999
1.000000 0.500000 0.537500 0.464567 0.557100 0.408838 55.439999
0.610636 0.500000 0.537500 0.536743 0.461538 0.000000 0.070000
0.000000 0.500000 0.537500 0.464567 0.550108 0.076923 0.180000
0.000000 0.656040 0.537500 0.464567 0.504193 0.472419 0.400000
0.647825 0.500000 0.537500 0.555917 0.461538 0.513960 0.700000
0.604644 0.466272 0.538045 0.464567 0.461538 0.509080 1.140000
0.514241 0.500000 0.537500 0.464567 0.504224 0.384615 1.830000
0.000000 0.500000 0.537500 0.458482 0.461538 0.492259 2.770000
0.609757 0.500000 0.537500 0.547598 0.461538 0.538462 4.120000
0.000000 0.500000 0.537500 0.458543 0.511685 0.482536 5.410000
0.575704 0.481157 0.531215 0.464567 0.522179 0.692308 7.870000
0.586049 0.500000 0.537500 0.540379 0.461538 0.769231 12.710000
0.000000 0.500000 0.537500 0.464567 0.461538 0.486193 21.020000
0.000000 0.500000 0.733940 0.464567 0.461538 0.923077 34.580002
0.619302 0.500000 0.537500 0.464567 0.461538 1.000000 51.770000
1.000000 0.500000 0.829773 0.508344 0.857143 0.477229 0.080000
1.000000 0.500000 0.865057 0.444882 0.857143 0.076923 0.260000
1.000000 0.500000 0.950000 0.444882 0.844868 0.594931 0.500000
1.000000 0.538723 0.950000 0.444882 0.857143 0.230769 0.830000
0.431758 0.500000 0.950000 0.444882 0.857143 0.307692 1.280000
1.000000 0.504839 0.950000 0.444882 0.857143 0.544623 1.900000
1.000000 0.500000 0.950000 0.444882 0.857143 0.509641 2.680000
1.000000 0.488541 0.835804 0.444882 0.857143 0.538462 3.760000
1.000000 0.500000 0.566117 0.444882 0.552707 0.615385 5.570000
1.000000 0.500000 0.950000 0.572722 0.762390 0.692308 8.760000
0.509379 0.500000 0.950000 0.479699 0.722952 0.769231 14.240000
0.514363 0.426189 0.950000 0.405622 0.724505 0.846154 23.049999
0.613906 0.497637 0.945105 0.444882 0.857143 0.923077 35.459999
1.000000 0.504839 0.950000 0.444882 0.857143 0.544623 51.990002
0.000000 0.500000 0.950000 0.444882 0.857143 0.000000 0.080000
0.458835 0.500000 0.950000 0.444882 0.857143 0.076923 0.240000
0.000000 0.500000 0.950000 0.444882 0.798179 0.153846 0.450000
0.000000 0.500000 0.950000 0.444882 0.857143 0.477099 0.770000
0.000000 0.500000 0.950000 0.524640 0.857143 0.307692 1.190000
0.000000 0.500000 0.950000 0.444882 0.785863 0.384615 1.760000
0.594925 0.500000 0.876717 0.504148 0.857143 0.461538 2.590000
0.000000 0.500000 0.990011 0.444882 0.857143 0.529318 3.850000
0.421014 0.500000 0.950000 0.444882 0.857143 0.615385 5.270000
0.000000 0.500000 0.950000 0.521182 0.857143 0.505187 7.740000
0.000000 0.457505 0.950000 0.526376 0.857143 0.769231 12.400000
0.000000 0.415392 0.950000 0.444882 0.857143 0.846154 20.910000
0.000000 0.414206 0.950000 0.444882 0.857143 0.923077 33.230000
0.534562 0.500000 0.950000 0.444882 0.683535 1.000000 49.139999
0.399240 0.000000 0.962500 0.303269 0.818194 0.000000 0.080000
0.540000 0.000000 0.804504 0.288823 0.857143 0.561475 0.250000
0.540000 0.000000 0.962500 0.346457 0.857143 0.153846 0.460000
0.622233 0.000000 0.839318 0.340670 0.857143 0.230769 0.750000
0.540000 0.000000 0.962500 0.346457 0.857143 0.307692 1.110000
0.540000 0.000000 0.962500 0.328150 0.857143 0.384615 1.570000
0.540000 0.000000 0.962500 0.346457 0.874478 0.461538 2.170000
0.540000 0.384742 0.962500 0.346457 0.850769 0.538462 2.980000
0.550352 0.000000 0.962500 0.346457 0.857143 0.615385 4.420000
0.540000 0.000000 0.962500 0.346457 0.857143 0.692308 7.840000
0.540000 0.000000 0.549711 0.346457 0.608550 0.769231 14.110000
0.540000 0.000000 0.883858 0.262874 0.857143 0.846154 24.139999
0.540000 0.376065 0.962500 0.346457 0.857143 0.923077 37.950001
0.625911 0.000000 0.962500 0.346457 0.855309 1.000000 55.169998
0.540000 0.441613 0.444633 0.342520 0.472527 0.000000 0.100000
0.540000 0.000000 0.581133 0.342520 0.645634 0.076923 0.230000
0.540000 0.508103 0.525000 0.468802 0.472527 0.153846 0.470000
0.540000 0.000000 0.525000 0.342520 0.472527 0.230769 0.760000
0.540000 0.000000 0.448272 0.228131 0.472527 0.307692 1.150000
0.547849 0.204563 0.525000 0.342520 0.542704 0.384615 1.650000
0.600407 0.000000 0.525000 0.342520 0.553085 0.461538 2.280000
0.620346 0.000000 0.525000 0.342520 0.472527 0.538462 3.090000
0.540000 0.000000 0.525000 0.342520 0.472527 0.615385 4.410000
0.540000 0.000000 0.525000 0.342520 0.472527 0.692308 7.510000
0.595569 0.175945 0.525000 0.342520 0.479359 0.769231 13.770000
0.540000 0.308613 0.525000 0.342520 0.508541 0.846154 23.959999
0.540000 0.411284 0.525000 0.342520 0.571325 0.536478 37.380001
0.540000 0.000000 0.645060 0.342520 0.472527 1.000000 56.459999
0.540000 0.713128 0.000000 0.234284 0.461538 0.000000 0.050000
0.484002 0.000000 0.000000 0.000000 0.461538 0.485020 0.170000
0.523930 0.000000 0.000000 0.114869 0.461538 0.153846 0.350000
0.489828 0.000000 0.510979 0.288750 0.461538 0.230769 0.630000
0.485895 0.355583 0.000000 0.000000 0.391451 0.553282 1.010000
0.540000 0.272353 0.126279 0.000000 0.461538 0.384615 1.430000
0.505134 0.000000 0.000000 0.093374 0.406400 0.461538 2.050000
0.540000 0.000000 0.514387 0.274853 0.571932 0.538462 2.730000
0.540000 0.000000 0.129947 0.000000 0.461538 0.569085 3.870000
0.540000 0.000000 0.000000 0.000000 0.461538 0.692308 7.190000
0.540000 0.000000 0.000000 0.098959 0.403405 0.496234 13.960000
0.540000 0.283442 0.000000 0.000000 0.347357 0.846154 25.180000
0.540000 0.154436 0.303100 0.000000 0.461538 0.923077 41.340000
0.540000 0.000000 0.000000 0.098959 0.403405 0.496234 62.419998
1.000000 1.000000 0.564789 0.562992 0.536210 0.000000 0.030000
1.000000 1.000000 0.550000 0.562992 0.461538 0.076923 0.180000
0.635679 1.000000 0.550000 0.562992 0.461538 0.153846 0.400000
1.000000 1.000000 0.550000 0.562992 0.461538 0.230769 0.730000
1.000000 0.911195 0.550000 0.562992 0.496829 0.307692 1.300000
1.000000 1.000000 0.550000 0.562992 0.461538 0.528555 2.160000
1.000000 1.000000 0.700656 0.531904 0.534898 0.461538 3.350000
0.587078 0.680928 0.609628 0.562992 0.461538 0.456530 5.060000
1.000000 1.000000 0.550000 0.562992 0.461538 0.615385 7.140000
1.000000 1.000000 0.550000 0.522682 0.429682 0.692308 10.360000
1.000000 1.000000 0.550000 0.513839 0.425890 0.769231 15.250000
1.000000 1.000000 0.550000 0.519613 0.461538 0.846154 23.150000
1.000000 1.000000 0.550000 0.519725 0.461538 0.923077 34.619999
1.000000 1.000000 0.550000 0.562992 0.461538 1.000000 51.500000
0.640912 1.000000 0.550000 0.562992 0.461538 0.000000 0.060000
0.603825 1.000000 0.550000 0.562992 0.361057 0.300471 0.150000
0.552413 0.520102 0.550365 0.470877 0.461538 0.153846 0.340000
0.000000 0.621792 0.668040 0.562992 0.461538 0.638008 0.630000
0.642358 1.000000 0.550000 0.562992 0.461538 0.307692 1.130000
0.000000 1.000000 0.423799 0.562992 0.461538 0.629327 1.850000
0.630893 1.000000 0.598329 0.562992 0.461538 0.461538 2.840000
0.000000 1.000000 0.550000 0.562992 0.461538 0.558207 4.340000
0.000000 1.000000 0.550000 0.562992 0.345536 0.615385 6.200000
0.000000 1.000000 0.550000 0.562992 0.287720 0.523594 8.620000
0.000000 1.000000 0.533019 0.728239 0.461538 0.769231 12.490000
0.000000 1.000000 0.486785 0.776999 0.461538 0.698418 20.410000
0.000000 0.625149 0.550000 0.562992 0.461538 0.509473 32.459999
0.530413 1.000000 0.413287 0.562992 0.410686 0.309360 50.939999
0.579370 0.000000 0.550000 0.370079 0.461538 0.000000 0.160000
1.000000 0.375306 0.550000 0.370079 0.461538 0.076923 0.320000
1.000000 0.000000 0.550000 0.370079 0.622480 0.153846 0.590000
1.000000 0.000000 0.552226 0.305710 0.653371 0.230769 0.920000
1.000000 0.000000 0.550000 0.370079 0.461538 0.594556 1.370000
1.000000 0.382618 0.550000 0.370079 0.461538 0.384615 1.940000
0.624737 0.000000 0.550000 0.370079 0.461538 0.461538 2.620000
1.000000 0.324254 0.502638 0.370079 0.461538 0.538462 3.700000
0.617450 0.000000 0.525084 0.370079 0.461538 0.615385 5.450000
0.634528 0.000000 0.550000 0.370079 0.559648 0.692308 9.450000
1.000000 0.000000 0.550000 0.361623 0.568250 0.522671 16.309999
1.000000 0.000000 0.550000 0.370079 0.474775 0.846154 27.340000
1.000000 0.000000 0.550000 0.370079 0.461538 0.923077 41.770000
1.000000 0.000000 0.584989 0.370079 0.461538 1.000000 60.849998
0.000000 0.000000 0.550000 0.370079 0.461538 0.455720 0.090000
0.536160 0.577579 0.550000 0.491799 0.461538 0.076923 0.240000
0.602180 0.000000 0.550000 0.370079 0.461538 0.575770 0.470000
0.000000 0.478195 0.550000 0.461415 0.461538 0.230769 0.780000
0.000000 0.000000 0.550000 0.204425 0.461538 0.307692 1.210000
0.000000 0.335748 0.550000 0.370079 0.461538 0.384615 1.850000
0.000000 0.000000 0.550000 0.370079 0.461538 0.461538 2.620000
0.560761 0.000000 0.550000 0.343790 0.461538 0.538462 3.690000
0.000000 0.478675 0.672869 0.527177 0.461538 0.615385 5.070000
0.000000 0.420701 0.550000 0.370079 0.607640 0.692308 7.950000
0.602180 0.000000 0.550000 0.370079 0.461538 0.575770 13.730000
0.000000 0.000000 0.550000 0.257539 0.619592 0.846154 23.549999
0.000000 0.286532 0.550000 0.370079 0.461538 0.923077 37.139999
0.000000 0.000000 0.653993 0.370079 0.461538 1.000000 55.869999
0.540000 1.000000 0.950000 0.704639 0.857143 0.000000 0.010000
0.617379 0.694942 0.952055 0.535433 0.857143 0.076923 0.160000
0.593188 0.544828 0.908509 0.466665 0.857143 0.153846 0.390000
0.540000 0.437936 0.950000 0.409516 0.857143 0.454051 0.730000
0.414701 0.608795 0.950000 0.535433 0.754701 0.536294 1.240000
0.540000 0.487493 0.950000 0.466926 0.818761 0.507994 1.960000
0.540000 1.000000 0.950000 0.535433 0.857143 0.461538 3.040000
0.540000 0.437936 0.950000 0.409516 0.857143 0.454051 4.460000
0.540000 0.437936 0.950000 0.409516 0.857143 0.454051 6.310000
0.555858 1.000000 1.005725 0.804935 0.857143 0.692308 8.680000
0.585189 0.528502 0.936781 0.456314 0.857143 0.769231 12.390000
0.540000 1.000000 0.985131 0.535433 0.857143 0.846154 20.139999
0.579418 1.000000 1.019038 0.780377 0.857143 0.537686 31.770000
0.452671 1.000000 0.950000 0.535433 0.857143 1.000000 47.130001
0.515918 1.000000 -0.035865 0.559055 0.000000 0.000000 0.040000
0.540000 1.000000 0.000000 0.415197 0.207813 0.076923 0.170000
0.540000 1.000000 0.000000 0.559055 0.000000 0.153846 0.360000
0.611837 1.000000 0.000000 0.559055 0.072964 0.230769 0.640000
0.540000 0.631429 0.000000 0.399951 0.313135 0.307692 1.020000
0.540000 0.897188 0.000000 0.559055 0.081949 0.384615 1.620000
0.529390 1.000000 0.000000 0.605151 0.000000 0.493727 2.630000
0.540000 1.000000 -0.040922 0.578863 0.000000 0.538462 4.150000
0.540000 1.000000 0.000000 0.559055 0.000000 0.615385 6.000000
0.540000 0.870185 0.000000 0.559055 0.011728 0.692308 8.470000
0.540000 1.000000 0.000000 0.559055 0.000000 0.531577 12.270000
0.592417 1.000000 0.047530 0.559055 0.000000 0.846154 19.590000
0.540000 1.000000 0.000000 0.559055 0.000000 0.531577 30.480000
0.540000 0.684304 0.166346 0.559055 0.000000 1.000000 46.660000
