1.000000 0.000000 0.000000 0.000000 0.000000 0.000000 0.019500 0.013400 1.902608 0.218600 0.600000 0.400000 0.488000
0.000000 1.000000 0.000000 0.000000 0.000000 0.000000 0.023800 0.006400 1.263287 0.128700 0.550000 0.650000 0.505000
0.000000 0.000000 1.000000 0.000000 0.000000 0.000000 0.080300 0.026500 1.894339 0.208300 0.550000 0.500000 0.728000
0.000000 0.000000 0.000000 1.000000 0.000000 0.000000 -0.006700 0.000700 1.425454 0.155500 0.550000 0.350000 0.385000
0.000000 0.000000 0.000000 0.000000 1.000000 0.000000 0.022000 0.004400 1.094579 0.106700 0.650000 0.700000 0.498000
0.000000 0.000000 0.000000 0.000000 0.000000 1.000000 -0.053400 -0.014900 0.859995 0.088900 0.400000 0.300000 0.200000
0.500000 0.500000 0.000000 0.000000 0.000000 0.000000 0.061900 0.016300 1.392192 0.144100 0.550000 0.650000 0.656000
0.500000 0.000000 0.500000 0.000000 0.000000 0.000000 0.061700 0.023400 1.939118 0.218200 0.600000 0.500000 0.655000
0.000000 0.500000 0.500000 0.000000 0.000000 0.000000 0.078200 0.019700 1.354462 0.137700 0.550000 0.700000 0.720000
0.500000 0.000000 0.000000 0.500000 0.000000 0.000000 0.068500 0.019000 1.524957 0.162800 0.550000 0.400000 0.682000
0.000000 0.500000 0.000000 0.500000 0.000000 0.000000 0.047300 0.012300 1.247376 0.131800 0.650000 0.650000 0.598000
0.000000 0.000000 0.500000 0.500000 0.000000 0.000000 0.098400 0.026400 1.591409 0.166100 0.600000 0.550000 0.800000
0.500000 0.000000 0.000000 0.000000 0.500000 0.000000 0.025600 0.007400 1.420759 0.146000 0.550000 0.500000 0.512000
0.000000 0.500000 0.000000 0.000000 0.500000 0.000000 0.046000 0.010700 1.091537 0.109900 0.650000 0.750000 0.593000
0.000000 0.000000 0.500000 0.000000 0.500000 0.000000 0.041700 0.011000 1.419546 0.142400 0.550000 0.500000 0.576000
0.000000 0.000000 0.000000 0.500000 0.500000 0.000000 0.035700 0.009500 1.203244 0.129400 0.650000 0.600000 0.552000
0.500000 0.000000 0.000000 0.000000 0.000000 0.500000 -0.023400 -0.006200 0.977325 0.106900 0.650000 0.450000 0.318000
0.000000 0.500000 0.000000 0.000000 0.000000 0.500000 0.006200 0.000200 0.864122 0.087300 0.600000 0.500000 0.436000
0.000000 0.000000 0.500000 0.000000 0.000000 0.500000 0.015300 0.003300 1.066938 0.109000 0.550000 0.600000 0.472000
0.000000 0.000000 0.000000 0.500000 0.000000 0.500000 0.001100 -0.000600 1.007704 0.103400 0.550000 0.500000 0.415000
0.000000 0.000000 0.000000 0.000000 0.500000 0.500000 0.010000 0.000700 0.800792 0.078800 0.550000 0.450000 0.451000
0.333000 0.333000 0.333000 0.000000 0.000000 0.000000 0.078000 0.021300 1.509223 0.158000 0.550000 0.650000 0.720000
0.333000 0.333000 0.000000 0.333000 0.000000 0.000000 0.064300 0.016100 1.347686 0.138000 0.600000 0.500000 0.665000
0.333000 0.000000 0.333000 0.333000 0.000000 0.000000 0.068300 0.020200 1.674320 0.177100 0.550000 0.400000 0.681000
0.000000 0.333000 0.333000 0.333000 0.000000 0.000000 0.080500 0.020000 1.331838 0.135700 0.550000 0.650000 0.729000
0.333000 0.333000 0.000000 0.000000 0.333000 0.000000 0.045300 0.010900 1.256505 0.124300 0.600000 0.700000 0.590000
0.333000 0.000000 0.333000 0.000000 0.333000 0.000000 0.067300 0.019700 1.614018 0.173900 0.550000 0.600000 0.677000
0.000000 0.333000 0.333000 0.000000 0.333000 0.000000 0.050200 0.011800 1.210947 0.119600 0.550000 0.650000 0.609000
0.333000 0.000000 0.000000 0.333000 0.333000 0.000000 0.050200 0.012600 1.340315 0.136600 0.600000 0.550000 0.609000
0.000000 0.333000 0.000000 0.333000 0.333000 0.000000 0.042600 0.010700 1.159336 0.122200 0.650000 0.600000 0.580000
0.000000 0.000000 0.333000 0.333000 0.333000 0.000000 0.078900 0.019800 1.374120 0.140500 0.600000 0.650000 0.723000
0.333000 0.333000 0.000000 0.000000 0.000000 0.333000 0.016900 0.003200 0.911258 0.096600 0.650000 0.450000 0.478000
0.333000 0.000000 0.333000 0.000000 0.000000 0.333000 0.000200 0.000800 1.221239 0.130000 0.600000 0.500000 0.412000
0.000000 0.333000 0.333000 0.000000 0.000000 0.333000 0.045800 0.010200 1.002049 0.100900 0.550000 0.550000 0.592000
0.333000 0.000000 0.000000 0.333000 0.000000 0.333000 0.020800 0.004800 1.117253 0.117300 0.550000 0.550000 0.493000
0.000000 0.333000 0.000000 0.333000 0.000000 0.333000 0.022200 0.004300 0.948520 0.097100 0.550000 0.400000 0.499000
0.000000 0.000000 0.333000 0.333000 0.000000 0.333000 0.046200 0.011200 1.204041 0.124300 0.550000 0.450000 0.594000
0.333000 0.000000 0.000000 0.000000 0.333000 0.333000 0.017700 0.003100 0.924853 0.093600 0.600000 0.500000 0.481000
0.000000 0.333000 0.000000 0.000000 0.333000 0.333000 0.024000 0.004300 0.857933 0.084800 0.650000 0.450000 0.506000
0.000000 0.000000 0.333000 0.000000 0.333000 0.333000 0.017200 0.002700 0.905352 0.089800 0.550000 0.500000 0.479000
0.000000 0.000000 0.000000 0.333000 0.333000 0.333000 0.010000 0.001100 0.889154 0.090900 0.600000 0.450000 0.451000
0.250000 0.250000 0.250000 0.250000 0.000000 0.000000 0.096100 0.024700 1.481031 0.153600 0.550000 0.500000 0.791000
0.250000 0.250000 0.250000 0.000000 0.250000 0.000000 0.058000 0.014600 1.347109 0.136600 0.550000 0.700000 0.640000
0.250000 0.250000 0.000000 0.250000 0.250000 0.000000 0.064200 0.015600 1.217078 0.125100 0.650000 0.650000 0.665000
0.250000 0.000000 0.250000 0.250000 0.250000 0.000000 0.065600 0.018100 1.579028 0.162500 0.550000 0.450000 0.670000
0.000000 0.250000 0.250000 0.250000 0.250000 0.000000 0.067700 0.016700 1.269450 0.130400 0.600000 0.550000 0.679000
0.250000 0.250000 0.250000 0.000000 0.000000 0.250000 0.042900 0.010400 1.136065 0.117500 0.600000 0.600000 0.581000
0.250000 0.250000 0.000000 0.250000 0.000000 0.250000 0.033600 0.007300 0.996955 0.102500 0.550000 0.600000 0.544000
0.250000 0.000000 0.250000 0.250000 0.000000 0.250000 0.043600 0.011600 1.312257 0.139300 0.600000 0.500000 0.584000
0.000000 0.250000 0.250000 0.250000 0.000000 0.250000 0.051300 0.011700 1.071880 0.108500 0.600000 0.600000 0.614000
0.250000 0.250000 0.000000 0.000000 0.250000 0.250000 0.023900 0.004200 0.852325 0.083900 0.550000 0.550000 0.506000
0.250000 0.000000 0.250000 0.000000 0.250000 0.250000 0.020700 0.004500 1.094062 0.112200 0.600000 0.600000 0.493000
0.000000 0.250000 0.250000 0.000000 0.250000 0.250000 0.037400 0.007600 0.906347 0.089200 0.550000 0.650000 0.559000
0.250000 0.000000 0.000000 0.250000 0.250000 0.250000 0.030900 0.006400 0.979383 0.100500 0.550000 0.650000 0.533000
0.000000 0.250000 0.000000 0.250000 0.250000 0.250000 0.018600 0.003400 0.892118 0.092000 0.650000 0.400000 0.485000
0.000000 0.000000 0.250000 0.250000 0.250000 0.250000 0.036700 0.007900 1.048571 0.105100 0.600000 0.550000 0.556000
0.200000 0.200000 0.200000 0.200000 0.200000 0.000000 0.080500 0.020000 1.371974 0.139200 0.550000 0.600000 0.729000
0.200000 0.200000 0.200000 0.200000 0.000000 0.200000 0.054900 0.013000 1.181784 0.119200 0.550000 0.550000 0.628000
0.200000 0.200000 0.200000 0.000000 0.200000 0.200000 0.034700 0.007400 1.010771 0.100800 0.550000 0.650000 0.548000
0.200000 0.200000 0.000000 0.200000 0.200000 0.200000 0.033700 0.006800 0.918444 0.092000 0.600000 0.600000 0.544000
0.200000 0.000000 0.200000 0.200000 0.200000 0.200000 0.044900 0.010400 1.162878 0.118200 0.550000 0.500000 0.588000
0.000000 0.200000 0.200000 0.200000 0.200000 0.200000 0.040500 0.008800 0.998392 0.100600 0.600000 0.650000 0.571000
0.167000 0.167000 0.167000 0.167000 0.167000 0.167000 0.057500 0.012900 1.048489 0.105000 0.550000 0.750000 0.638000
