0.030303 0.000000 1.000000 1.000000 0.039005 126.200996
0.040404 0.315457 0.450340 1.000000 0.276410 125.200996
0.053030 0.000000 0.852753 1.000000 0.039005 125.950996
0.183584 0.017837 1.000000 1.000000 0.039005 127.591003
0.090909 0.000000 1.000000 1.000000 0.038025 127.460999
0.116162 0.036953 1.000000 0.538368 0.039005 125.570999
0.147731 0.064711 1.000000 0.462136 0.048720 125.200996
0.191919 0.000000 0.931750 0.481137 0.039005 123.060997
0.242424 0.024627 0.859735 1.000000 0.039005 121.301003
0.130771 0.074054 1.000000 1.000000 0.087482 119.541000
0.393939 0.021175 0.751852 1.000000 0.039005 117.151001
0.494949 0.054280 0.375485 1.000000 0.070198 115.390999
0.621212 0.006999 1.000000 0.890054 0.039005 112.240997
0.197824 0.000000 1.000000 1.000000 0.039005 108.721001
0.015152 0.000000 1.000000 0.601010 0.041891 126.416000
0.127126 0.122169 0.565205 0.601010 0.041891 127.695999
0.030303 0.146625 0.546238 0.601010 0.041891 128.085999
0.040404 0.144466 0.550888 0.601010 0.041891 126.966003
0.053030 0.301848 0.429711 0.465640 0.195881 126.085999
0.070707 0.000000 0.919032 0.467860 0.041891 126.986000
0.090909 0.131214 0.564899 0.601010 0.041891 126.615997
0.116162 0.000000 1.000000 0.601010 0.041891 124.106003
0.146501 0.000000 1.000000 0.601010 0.041891 123.236000
0.145440 0.000000 1.000000 0.601010 0.022282 121.106003
0.242424 0.000000 1.000000 0.601010 0.027881 119.606003
0.308081 0.000000 0.643064 0.601010 0.000711 117.975998
0.393939 0.038199 1.000000 0.601010 0.041891 116.475998
0.494949 0.014672 1.000000 0.848144 0.041891 113.075996
0.621212 0.000000 1.000000 0.601010 0.034562 111.075996
0.000000 0.000000 1.000000 0.199495 0.046555 118.128998
0.002525 0.000000 1.000000 0.199495 0.046555 119.319000
0.005808 0.000000 0.904955 0.199495 0.046555 122.778999
0.010101 0.000000 1.000000 0.199495 0.046555 124.808998
0.015152 0.127052 0.576967 0.199495 0.046555 126.959000
0.106818 0.125267 0.611175 0.199495 0.046555 128.628998
0.030303 0.000000 1.000000 0.199495 0.033415 129.098999
0.139913 0.000000 1.000000 0.199495 0.046555 127.899002
0.053030 0.000000 1.000000 0.199495 0.046555 125.499001
0.070707 0.117476 0.608164 0.199495 0.046555 124.049004
0.166184 0.000000 1.000000 0.336785 0.046555 123.689003
0.166184 0.000000 1.000000 0.336785 0.046555 121.399002
0.148990 0.000000 1.000000 0.525869 0.021855 120.319000
0.191919 0.000000 1.000000 0.424356 0.046555 119.228996
0.242424 0.095907 1.000000 0.199495 0.084849 117.789001
0.139913 0.000000 1.000000 0.199495 0.046555 116.228996
0.393939 0.094425 1.000000 0.199495 0.088392 114.778999
0.494949 0.000000 1.000000 0.736814 0.046555 112.139000
0.621212 0.000000 1.000000 0.199495 0.052920 109.619003
0.000000 0.060938 1.000000 0.000000 0.078451 117.195000
0.106407 0.000000 1.000000 0.000000 0.050197 118.595001
0.005808 0.000000 1.000000 0.000000 0.050197 122.764999
0.010101 0.000000 1.000000 0.000000 0.050197 125.044998
0.125648 0.000000 1.000000 0.379508 -0.001995 127.315002
0.021717 0.061324 1.000000 0.000000 0.075862 129.095001
0.030303 0.000000 1.000000 0.332188 0.050197 129.235001
0.040404 0.082897 1.000000 0.431943 0.072270 127.364998
0.053030 0.044681 1.000000 0.000000 0.050197 124.355003
0.070707 0.000000 1.000000 0.000000 0.027110 122.364998
0.090909 0.076352 1.000000 0.000000 0.071233 122.375000
0.103008 0.000000 0.803990 0.000000 0.050197 120.754997
0.193302 0.041743 1.000000 0.524839 0.050197 119.135002
0.191919 0.000000 1.000000 0.415231 0.050197 118.144997
0.242424 0.000000 1.000000 0.000000 0.050197 115.644997
0.308081 0.000000 1.000000 0.518496 0.050197 113.775002
0.106407 0.000000 1.000000 0.000000 0.050197 110.514999
0.494949 0.000000 1.000000 0.000000 0.050197 108.264999
0.030303 0.311403 0.401852 0.445393 0.214410 127.122002
0.180119 0.067568 1.000000 1.000000 0.051139 125.991997
0.053030 0.067568 1.000000 1.000000 0.051139 125.872002
0.217708 0.067568 0.836570 1.000000 0.051139 126.632004
0.217708 0.067568 0.836570 1.000000 0.051139 126.641998
0.116162 0.055440 1.000000 0.513416 0.051139 124.512001
0.148990 0.067568 1.000000 1.000000 0.051139 123.391998
0.217708 0.067568 0.836570 1.000000 0.051139 121.762001
0.142154 0.067568 0.857358 0.474056 0.051139 119.632004
0.308081 0.021515 1.000000 1.000000 0.051139 118.122002
0.393939 0.067568 0.728846 1.000000 0.051139 115.372002
0.494949 0.067568 1.000000 1.000000 0.040663 113.491997
0.166616 0.067568 1.000000 1.000000 0.068574 109.222000
0.797980 0.067568 0.930481 1.000000 0.030831 106.582001
0.005808 0.067568 1.000000 0.199495 0.060204 121.850998
0.010101 0.067107 1.000000 0.199495 0.079612 124.000999
0.015152 0.067568 1.000000 0.199495 0.059629 126.661003
0.021717 0.067568 1.000000 0.199495 0.060685 128.311005
0.138256 0.067568 0.954256 0.443109 0.038227 128.830994
0.119686 0.067568 1.000000 0.199495 0.060685 127.581001
0.053030 0.067568 1.000000 0.199495 0.060685 125.210999
0.070707 0.067568 1.000000 0.585193 0.052275 122.210999
0.115703 0.101217 1.000000 0.199495 0.086707 122.100998
0.106098 0.067568 0.930101 0.199495 0.060685 120.981003
0.148990 0.071633 1.000000 0.462181 0.059408 119.111000
0.191919 0.067568 1.000000 0.626869 0.055900 117.740997
0.090550 0.162750 0.590082 0.199495 0.060685 116.240997
0.137195 0.067568 1.000000 0.199495 0.044857 114.750999
0.106098 0.067568 0.930101 0.199495 0.060685 112.250999
0.494949 0.047377 1.000000 0.590032 0.055693 108.990997
0.621212 0.067568 1.000000 0.199495 0.083368 106.111000
0.010101 0.135135 1.000000 1.000000 0.109871 127.564003
0.015152 0.135135 1.000000 1.000000 0.109522 128.453995
0.021717 0.135135 1.000000 1.000000 0.066481 129.354004
0.030303 0.099750 1.000000 0.456672 0.066481 129.494003
0.040404 0.135135 0.800923 0.567348 0.051113 129.003998
0.053030 0.135135 1.000000 1.000000 0.066481 127.634003
0.070707 0.135135 1.000000 1.000000 0.066481 126.514000
0.090909 0.135135 1.000000 1.000000 0.066481 125.524002
0.187120 0.135135 0.803230 1.000000 0.066481 124.024002
0.148990 0.135135 1.000000 0.669841 0.088556 121.514000
0.167184 0.071721 1.000000 0.474970 0.066481 120.264000
0.242424 0.136362 0.653694 0.455020 0.066481 118.134003
0.173284 0.260610 0.424160 1.000000 0.233831 116.134003
0.187120 0.135135 0.803230 1.000000 0.066481 114.634003
0.145518 0.135135 1.000000 1.000000 0.066481 110.223999
0.010101 0.135135 1.000000 0.601010 0.071095 126.158997
0.100542 0.135135 1.000000 0.601010 0.071095 128.179001
0.021717 0.135135 1.000000 0.626669 0.088591 129.569000
0.030303 0.135135 1.000000 0.601010 0.100546 129.949005
0.040404 0.135135 0.685034 0.601010 0.037059 129.328995
0.053030 0.135135 1.000000 0.601010 0.071095 127.329002
0.070707 0.191234 0.523554 0.601010 0.071095 124.439003
0.090909 0.135135 0.806265 0.572748 0.052671 123.069000
0.116162 0.111455 1.000000 0.601010 0.071095 122.439003
0.136858 0.105500 1.000000 0.601010 0.071095 120.189003
0.120609 0.135135 1.000000 0.412947 0.071095 118.689003
0.242424 0.135135 1.000000 0.671454 0.093145 117.308998
0.120609 0.135135 1.000000 0.412947 0.071095 115.679001
0.393939 0.059219 1.000000 0.747286 0.071095 113.799004
0.494949 0.135135 1.000000 0.665624 0.102350 112.168999
0.098289 0.135135 1.000000 0.199495 0.078550 123.311996
0.010101 0.135135 1.000000 0.199495 0.078550 125.472000
0.015152 0.135135 0.633806 0.199495 0.031886 127.632004
0.021717 0.135135 1.000000 0.199495 0.078550 129.292007
0.108253 0.094295 1.000000 0.199495 0.078550 129.552002
0.040404 0.135135 1.000000 0.638756 0.088620 128.311996
0.098289 0.135135 1.000000 0.199495 0.078550 125.802002
0.070707 0.086888 1.000000 0.444842 0.068178 122.781998
0.092504 0.135135 0.977688 0.442842 0.078550 120.531998
0.110875 0.135135 1.000000 0.393466 0.078550 120.162003
0.098289 0.135135 1.000000 0.199495 0.078550 118.921997
0.081638 0.196521 0.560008 0.199495 0.078550 116.792000
0.242424 0.176241 0.586366 0.456912 0.078550 115.792000
0.308081 0.135135 1.000000 0.199495 0.078550 114.042000
0.147853 0.095473 1.000000 0.436787 0.078550 110.652000
0.005808 0.135135 1.000000 0.000000 0.084372 123.117996
0.085500 0.135135 1.000000 0.000000 0.084372 125.398003
0.015152 0.082043 1.000000 0.000000 0.084372 127.547997
0.085500 0.135135 1.000000 0.000000 0.084372 128.697998
0.077948 0.098641 1.000000 0.000000 0.084372 128.707993
0.040404 0.135135 1.000000 0.000000 0.084372 126.837997
0.053030 0.135135 1.000000 0.645357 0.089170 124.837997
0.077948 0.098641 1.000000 0.000000 0.084372 122.087997
0.064002 0.135135 0.944835 0.000000 0.084372 120.087997
0.110260 0.135135 1.000000 0.000000 0.066791 119.598000
0.148990 0.082960 1.000000 0.000000 0.084372 118.108002
0.191919 0.135135 1.000000 0.495010 0.084372 115.608002
0.083911 0.135135 0.987781 0.425905 0.084372 113.858002
0.308081 0.135135 1.000000 0.000000 0.092385 109.718002
0.002525 0.180180 0.798176 1.000000 0.078900 126.394997
0.124384 0.180180 1.000000 1.000000 0.124261 128.175003
0.010101 0.139208 1.000000 1.000000 0.078900 129.574997
0.129267 0.220081 0.553159 1.000000 0.078900 130.714996
0.021717 0.135161 1.000000 1.000000 0.078900 131.615005
0.030303 0.180180 1.000000 1.000000 0.138274 131.755005
0.040404 0.180180 1.000000 0.468534 0.078900 131.014999
0.143091 0.103590 1.000000 1.000000 0.078900 129.395004
0.070707 0.180180 1.000000 0.486114 0.078900 126.644997
0.090909 0.180180 1.000000 1.000000 0.132518 124.394997
0.147288 0.096172 1.000000 0.435831 0.078900 123.775002
0.148990 0.180180 1.000000 0.679412 0.110666 121.775002
0.112922 0.180180 1.000000 0.431733 0.078900 119.535004
0.242424 0.180180 1.000000 1.000000 0.078900 117.785004
0.112922 0.180180 1.000000 0.431733 0.078900 116.165001
0.393939 0.149419 0.696727 0.769872 0.078900 113.665001
0.494949 0.047377 1.000000 0.590032 0.055693 110.904999
0.130771 0.074054 1.000000 1.000000 0.087482 107.404999
0.116478 0.180180 1.000000 0.199495 0.105974 123.542999
0.005808 0.180180 1.000000 0.199495 0.135914 126.843002
0.010101 0.229344 0.463541 0.199495 0.093012 128.632996
0.094215 0.180180 1.000000 0.199495 0.093012 130.173004
0.021717 0.317962 0.389739 0.433060 0.225240 131.072998
0.128659 0.122881 1.000000 0.402169 0.093012 130.723007
0.103315 0.180180 1.000000 0.411393 0.093012 128.723007
0.053030 0.180180 1.000000 0.199495 0.093012 126.343002
0.070707 0.081828 1.000000 0.199495 0.078222 123.212997
0.090909 0.180180 1.000000 0.472450 0.093012 120.962997
0.116162 0.180180 1.000000 0.199495 0.093012 120.233002
0.148990 0.264917 0.335796 0.199495 0.152019 118.742996
0.191919 0.180180 0.890381 0.199495 0.093012 115.862999
0.242424 0.180180 1.000000 0.199495 0.093012 113.733002
0.200779 0.058514 0.727273 0.485369 0.030042 128.143997
0.070707 0.000000 0.727273 0.418573 0.030042 129.134003
0.090909 0.000000 0.727273 1.000000 0.030042 128.244003
0.161470 0.000000 0.727273 1.000000 0.018720 128.354004
0.148990 0.000000 0.727273 1.000000 0.030042 127.834000
0.208129 0.000000 0.602225 0.409894 0.030042 125.823997
0.242424 0.000000 0.727273 1.000000 -0.004246 124.304001
0.308081 -0.019329 0.727273 1.000000 0.030042 122.043999
0.393939 0.089741 0.376071 1.000000 0.105659 118.024002
0.494949 0.000000 0.619850 0.513124 0.030042 118.134003
0.099217 0.150235 0.727273 0.471679 0.081547 117.624001
0.797980 0.042857 0.500361 0.959834 0.030042 114.984001
1.000000 0.000000 0.727273 1.023595 0.030042 114.473999
0.005808 0.000000 0.873288 0.601010 0.032626 119.540001
0.010101 0.000000 0.727273 0.601010 -0.014693 121.660004
0.015152 0.000000 0.727273 0.601010 0.032626 123.779999
0.021717 0.000000 0.727273 0.601010 -0.014766 126.160004
0.030303 0.000000 0.727273 0.601010 0.032626 127.529999
0.040404 0.077382 0.727273 0.601010 0.032626 128.289993
0.147946 0.000000 0.727273 0.601010 0.032626 127.910004
0.070707 0.000000 0.675312 0.601010 0.025648 126.790001
0.090909 0.112883 0.562912 0.601010 0.032626 126.540001
0.116162 0.000000 0.889654 0.601010 0.032626 126.540001
0.124062 0.061852 0.727273 0.601010 0.032626 125.160004
0.191919 0.000000 0.727273 0.601010 0.032626 123.410004
0.219991 0.000000 0.546339 0.601010 0.004649 122.410004
0.308081 0.042810 0.727273 0.601010 0.032626 118.410004
0.183399 0.000000 0.727273 0.199495 0.036794 121.055000
0.010101 0.064912 0.727273 0.199495 0.036794 123.565002
0.015152 0.063865 0.727273 0.199495 0.036794 126.195000
0.170062 0.000000 0.736057 0.199495 0.036794 128.705002
0.123602 0.054878 0.727273 0.199495 0.036794 130.205002
0.193657 0.070944 0.727273 0.475095 0.036794 130.434998
0.053030 0.000000 0.727273 0.199495 0.036794 129.395004
0.164158 0.000000 0.804579 0.340566 0.036794 127.095001
0.090909 0.000000 0.727273 0.199495 0.036794 125.305000
0.116162 0.000000 0.727273 0.199495 0.036794 125.025002
0.183399 0.000000 0.727273 0.199495 0.036794 124.625000
0.191919 0.000000 0.782314 0.199495 0.036794 123.464996
0.192559 0.000000 0.727273 0.372461 0.036794 122.175003
0.183399 0.000000 0.727273 0.199495 0.036794 117.464996
0.005808 0.000000 0.727273 0.000000 0.040046 120.595001
0.010101 0.000000 0.727273 0.000000 -0.031090 123.635002
0.015152 0.078548 0.727273 0.000000 0.040046 126.675003
0.102813 0.068927 0.727273 0.000000 0.040046 129.464996
0.145458 0.000000 0.727273 0.000000 0.040046 130.725006
0.107439 0.000000 0.727273 0.000000 -0.029320 130.595001
0.053030 0.000000 0.907011 0.475443 0.040046 128.804993
0.070707 0.000000 0.727273 0.000000 -0.029144 125.625000
0.090909 0.148017 0.727273 0.000000 0.077474 123.455002
0.116162 0.073133 0.727273 0.000000 0.040046 123.445000
0.148990 0.000000 0.727273 0.000000 0.040046 123.445000
0.191919 0.000000 0.954388 0.478462 0.040046 122.035004
0.242424 0.117390 0.469533 0.000000 0.040046 120.504997
0.157957 0.000000 0.648646 0.000000 0.040046 116.815002
0.010101 0.101806 0.727273 0.403543 0.043606 125.115997
0.015152 0.090090 0.727273 1.000000 0.043606 126.486000
0.021717 0.090090 0.727273 1.000000 0.043606 127.356003
0.030303 0.090090 0.727273 1.000000 0.043606 128.216003
0.040404 0.039770 0.789734 1.000000 0.043606 128.955994
0.167126 0.090090 0.727273 0.426432 0.043606 128.815994
0.070707 0.140356 0.727273 1.000000 0.156274 127.795998
0.090909 0.090090 0.754265 0.548346 0.043606 126.896004
0.116162 0.000443 0.727273 1.000000 0.043606 127.005997
0.148990 0.089432 0.727273 0.531758 0.043606 126.115997
0.191919 -0.003352 0.727273 1.000000 0.043606 124.085999
0.242424 0.032035 0.862827 1.000000 0.043606 122.816002
0.167126 0.090090 0.727273 0.426432 0.043606 120.786003
0.105473 0.122453 0.727273 1.000000 0.138371 115.996002
0.108762 0.090090 0.727273 0.420875 0.023691 113.085999
0.010101 0.161489 0.528956 0.601010 0.047139 122.292000
0.015152 0.137513 0.727273 0.601010 0.079800 124.692001
0.110004 0.090090 0.727273 0.601010 0.034314 126.842003
0.106611 0.093112 0.727273 0.601010 0.047139 128.492004
0.160542 0.090090 0.727273 0.417475 0.047139 129.001999
0.053030 0.090090 0.727273 0.601010 0.047139 128.761993
0.070707 0.090090 0.727273 0.467265 0.016132 126.751999
0.137035 0.090090 0.779177 0.601010 0.047139 124.612000
0.108762 0.090090 0.727273 0.420875 0.023691 123.862000
0.148990 0.090090 0.727273 0.601010 0.047139 123.741997
0.191919 0.082894 0.788851 0.400528 0.047139 122.232002
0.242424 0.090842 0.727273 0.644074 0.047139 120.472000
0.308081 0.090090 0.727273 0.601010 0.047139 118.711998
0.005808 0.100514 0.727273 0.199495 0.052836 120.137001
0.010101 0.090090 0.727273 0.199495 0.052836 122.147003
0.015152 0.090090 0.727273 0.199495 0.035433 125.156998
0.021717 0.090090 0.856165 0.199495 0.052836 127.417000
0.030303 0.090090 0.727273 0.199495 0.034175 129.037003
0.040404 0.090090 0.849474 0.538112 0.037180 129.147003
0.053030 0.123747 0.697133 0.427342 0.052836 128.257004
0.070707 0.092249 0.727273 0.199495 0.052836 125.836998
0.090909 0.090090 0.727273 0.199495 0.052836 122.796997
0.116162 0.128483 0.627966 0.199495 0.052836 121.397003
0.148990 0.090090 0.846024 0.536911 0.052836 121.626999
0.191919 0.090090 0.727273 0.523559 0.052836 120.226997
0.242424 0.090090 0.727273 0.199495 0.047105 118.827003
0.308081 0.090090 0.727273 0.199495 0.052836 116.417000
0.005808 0.090090 0.727273 0.376416 0.057283 120.147003
0.010101 0.090090 0.727273 0.000000 0.017892 123.417000
0.015152 0.090090 0.727273 0.414083 0.013409 126.677002
0.126848 0.075595 0.880323 0.447329 0.057283 129.057007
0.030303 0.090090 0.865360 0.466772 0.057283 130.307007
0.040404 0.139373 0.598124 0.000000 0.057283 130.307007
0.053030 0.090090 0.727273 0.000000 0.057283 128.677002
0.108762 0.090090 0.727273 0.420875 0.023691 125.796997
0.090909 0.106964 0.727273 0.000000 0.057283 123.037003
0.116162 0.090090 0.727273 0.000000 0.057283 121.406998
0.118244 0.090090 0.727273 0.000000 0.057283 121.527000
0.118244 0.090090 0.727273 0.000000 0.057283 120.527000
0.242424 0.138561 0.623100 0.000000 0.057283 118.266998
0.088135 0.101136 0.727273 0.000000 0.057283 115.137001
0.015152 0.318975 0.456061 1.000000 0.279928 126.758003
0.021717 0.044765 0.727273 1.000000 0.062150 129.037994
0.164850 0.120836 0.727273 0.445923 0.062150 130.688004
0.159826 0.193366 0.557012 1.000000 0.062150 131.707993
0.053030 0.180180 0.727273 1.000000 0.095759 131.718002
0.070707 0.180180 0.727273 1.000000 0.062150 129.468002
0.090909 0.180180 0.727273 0.532819 0.062150 126.218002
0.116162 0.180180 0.668477 0.536310 0.068214 124.337997
0.148990 0.180180 0.727273 1.000000 0.062150 124.108002
0.191919 0.122306 0.727273 0.549400 0.062150 121.727997
0.242424 0.180180 0.727273 0.650396 0.062150 121.117996
0.308081 0.180180 0.727273 1.000000 0.062150 118.617996
0.113115 0.122317 0.727273 1.000000 0.062150 112.848000
0.207890 0.180180 0.652362 1.000000 0.062150 113.108002
0.621212 0.002974 0.727273 1.000000 0.062150 114.258003
0.141213 0.180180 0.727273 1.000000 0.062150 112.767998
0.159826 0.193366 0.557012 1.000000 0.062150 109.638000
0.010101 0.180180 0.751690 0.601010 0.066979 123.274002
0.015152 0.180180 0.727273 0.601010 0.066979 127.314003
0.021717 0.180180 0.754151 0.601010 0.066979 129.964005
0.030303 0.180180 0.727273 0.601010 0.066979 131.863998
0.040404 0.181613 0.569695 0.392428 0.066979 132.134003
0.122700 0.180180 0.727273 0.475910 0.066979 131.264008
0.070707 0.180180 0.727273 0.507203 0.066979 128.264008
0.135532 0.180180 0.688998 0.601010 0.066979 124.253998
0.116162 0.180180 0.727273 0.538505 0.066979 122.384003
0.148990 0.180180 0.744849 0.601010 0.066979 122.393997
0.191919 0.180180 0.727273 0.601010 0.066979 120.653999
0.242424 0.180180 0.727273 0.639643 0.066979 120.033997
0.308081 0.115920 0.727273 0.601010 0.066979 117.153999
0.088791 0.189104 0.538847 0.601010 0.066979 112.524002
0.005808 0.134806 0.727273 0.199495 0.094046 122.228996
0.010101 0.136507 0.727273 0.199495 0.074768 123.878998
0.015152 0.137113 0.727273 0.199495 0.074768 127.039001
0.070523 0.148667 0.727273 0.199495 0.072499 129.578995
0.030303 0.180180 0.727273 0.199495 0.074768 130.468994
0.040404 0.136646 0.727273 0.199495 0.074768 129.968994
0.053030 0.180180 0.727273 0.480072 0.074768 128.339005
0.070707 0.195144 0.511030 0.382246 0.074768 125.319000
0.090909 0.180180 0.672221 0.540564 0.067398 121.658997
0.103812 0.180180 0.727273 0.199495 0.092701 119.649002
0.148990 0.155395 0.727273 0.457040 0.079539 120.418999
0.099381 0.180180 0.727273 0.536132 0.099098 119.158997
0.242424 0.140255 0.727273 0.495773 0.069996 117.649002
0.116645 0.180180 0.727273 0.199495 0.074768 114.249001
0.393939 0.180180 0.727273 0.722704 0.074768 113.128998
0.089423 0.180180 0.555438 0.000000 0.067180 120.189003
0.005808 0.149996 0.727273 0.389179 0.112210 123.609001
0.010101 0.205162 0.506813 0.000000 0.080847 126.149002
0.105086 0.214899 0.524343 0.413646 0.080847 128.938995
0.021717 0.180180 0.727273 0.447448 0.080847 130.348999
0.030303 0.180180 0.537362 0.000000 0.065834 130.869003
0.110249 0.180180 0.885029 0.502591 0.080847 129.869003
0.053030 0.180180 0.727273 0.000000 0.088836 128.119003
0.070707 0.150460 0.727273 0.000000 0.080847 125.228996
0.090909 0.180180 0.727273 0.587082 0.093725 122.088997
0.116162 0.180180 0.727273 0.000000 0.080847 120.209000
0.148990 0.180180 0.813037 0.000000 0.080847 120.228996
0.191919 0.137738 0.727273 0.000000 0.064056 118.859001
0.242424 0.169144 0.645779 0.000000 0.080847 115.969002
0.104479 0.180180 0.727273 0.440174 0.080847 112.698997
0.107225 0.238739 0.727273 0.501646 0.082632 127.699997
0.092593 0.238739 0.727273 0.568370 0.142421 129.880005
0.021717 0.238739 0.727273 1.000000 0.082632 131.800003
0.030303 0.238739 0.727273 1.000000 0.143270 133.479996
0.040404 0.238739 0.697242 1.000000 0.082632 134.000000
0.053030 0.238739 0.727273 1.000000 0.142295 133.380005
0.157400 0.238739 0.610521 1.000000 0.082632 130.460007
0.090909 0.238739 0.727273 1.000000 0.082632 125.889999
0.116162 0.162761 0.727273 0.443184 0.084624 123.739998
0.148990 0.238739 0.727273 0.659759 0.139602 123.120003
0.191919 0.238739 0.666186 1.000000 0.082632 120.330002
0.082348 0.238739 0.727273 1.000000 0.125308 118.050003
0.082348 0.238739 0.727273 1.000000 0.125308 116.919998
0.393939 0.113542 0.727273 0.778929 0.082632 114.900002
0.494949 0.063766 0.727273 1.000000 0.082632 111.349998
0.092626 0.238739 0.727273 0.199495 0.147578 127.011002
0.005808 0.238739 0.727273 0.199495 0.098992 129.690994
0.010101 0.238739 0.727273 0.199495 0.160028 131.220993
0.015152 0.238739 0.698778 0.199495 0.098992 132.251007
0.021717 0.238739 0.727273 0.199495 0.098992 132.011002
0.106792 0.238739 0.493885 0.199495 0.095223 129.490997
0.040404 0.238739 0.727273 0.199495 0.098992 125.581001
0.053030 0.238739 0.719362 0.491742 0.098992 125.721001
0.074682 0.181099 0.727273 0.199495 0.098992 123.081001
0.090909 0.238739 0.702191 0.199495 0.098992 117.911003
0.105362 0.238739 0.727273 0.199495 0.098992 116.151001
0.148990 0.238739 0.727273 0.560353 0.098992 118.441002
0.074682 0.181099 0.727273 0.199495 0.098992 115.801003
0.099217 0.150235 0.727273 0.471679 0.081547 115.310997
0.308081 0.238739 0.727273 0.701616 0.125569 112.541000
0.000000 0.328829 0.727273 1.000000 0.213257 138.757996
0.116320 0.328829 0.727273 1.000000 0.173067 139.917999
0.005808 0.380657 0.263173 0.438290 0.173067 139.807999
0.010101 0.328829 0.727273 1.000000 0.213116 139.438004
0.015152 0.328829 0.508583 0.420592 0.173067 136.798004
0.021717 0.328829 0.727273 1.000000 0.173067 133.768005
0.105473 0.122453 0.727273 1.000000 0.138371 130.748001
0.073613 0.328829 0.376941 0.448970 0.150448 126.837997
0.053030 0.328829 0.727273 1.000000 0.173067 127.358002
0.070707 0.328829 0.727273 1.000000 0.214531 125.727997
0.085497 0.277832 0.727273 1.000000 0.173067 122.708000
0.116162 0.328829 0.727273 1.000000 0.173067 122.087997
0.148990 0.155395 0.727273 0.457040 0.079539 120.458000
0.191919 0.328829 0.427287 1.000000 0.104725 119.208000
0.242424 0.328829 0.727273 1.000000 0.173067 115.297997
0.308081 0.328829 0.561511 0.580570 0.173067 115.818001
0.000000 0.328829 0.727273 0.601010 0.278205 135.233994
0.002525 0.328829 0.727273 0.598209 0.264781 136.384003
0.005808 0.328829 0.422187 0.601010 0.157257 136.283997
0.010101 0.328829 0.727273 0.601010 0.185654 135.923996
0.080986 0.328829 0.727273 0.601010 0.185654 133.173996
0.021717 0.328829 0.727273 0.552420 0.185654 130.934006
0.030303 0.328829 0.727273 0.601010 0.274564 128.444000
0.040404 0.382754 0.271306 0.463762 0.185654 125.194000
0.053030 0.225323 0.727273 0.601010 0.185654 125.723999
0.046911 0.328829 0.727273 0.601010 0.272830 123.353996
0.080986 0.328829 0.727273 0.601010 0.185654 120.353996
0.116162 0.328829 0.727273 0.601010 0.271946 118.994003
0.148990 0.328829 0.727273 0.601010 0.185654 117.134003
0.191919 0.328829 0.576369 0.601010 0.185654 117.283997
0.242424 0.300205 0.506302 0.601010 0.185654 113.143997
0.086962 0.247605 0.727273 0.327326 0.185654 111.533997
0.000000 0.391594 0.216966 0.199495 0.205952 130.988998
0.002525 0.391034 0.219276 0.199495 0.205952 131.889008
0.005808 0.328829 0.727273 0.600673 0.264326 132.149002
0.077964 0.328829 0.727273 0.199495 0.255054 132.039001
0.015152 0.328829 0.727273 0.199495 0.205952 130.298996
0.021717 0.328829 0.727273 0.199495 0.272027 128.929001
0.030303 0.328829 0.398309 0.199495 0.168104 126.299004
0.040404 0.328829 0.727273 0.199495 0.265845 122.539001
0.053030 0.381016 0.262605 0.199495 0.205952 123.189003
0.070707 0.375890 0.275266 0.199495 0.205952 121.058998
0.090909 0.328829 0.520736 0.199495 0.205952 117.808998
0.116162 0.328829 0.727273 0.199495 0.205952 116.558998
0.065664 0.237007 0.727273 0.199495 0.205952 114.308998
0.098169 0.328829 0.542064 0.199495 0.205952 114.079002
0.094643 0.328829 0.727273 0.199495 0.205952 111.959000
0.087067 0.328829 0.727273 0.499177 0.205952 110.838997
0.000000 0.328829 0.480157 0.000000 0.221796 128.679001
0.002525 0.328829 0.727273 0.000000 0.221796 130.089005
0.005808 0.328829 0.549167 0.391791 0.221796 130.238998
0.010101 0.328829 0.727273 0.000000 0.251909 130.268997
0.015152 0.328829 0.727273 0.000000 0.250303 128.169006
0.058362 0.241165 0.727273 0.000000 0.221796 126.189003
0.080602 0.328829 0.535065 0.000000 0.221796 123.209000
0.040404 0.328829 0.727273 0.626777 0.257133 119.098999
0.053030 0.328829 0.727273 0.543944 0.221796 120.509003
0.102728 0.328829 0.727273 0.000000 0.221796 119.039001
0.090909 0.328829 0.727273 0.000000 0.221796 115.308998
0.116162 0.328829 0.727273 0.000000 0.221763 114.709000
0.148990 0.245671 0.727273 0.000000 0.221796 113.228996
0.057244 0.140287 0.727273 0.000000 0.064860 112.639000
0.242424 0.127994 0.727273 0.000000 0.062534 111.028999
0.308081 0.328829 0.476255 0.000000 0.221796 110.689003
0.030303 0.000000 0.454545 1.000000 0.020653 125.817001
0.040404 0.000000 0.611707 1.000000 0.020653 127.306999
0.260966 0.000000 0.429995 1.000000 0.020653 128.927002
0.290616 0.022590 0.454545 1.000000 0.020653 129.667007
0.229267 0.000000 0.454545 1.000000 0.020653 128.647003
0.116162 0.000000 0.454545 1.000000 0.006719 128.126999
0.148990 0.000000 0.454545 1.000000 0.020653 129.376999
0.191919 0.000000 0.454545 1.000000 0.005996 128.856995
0.260966 0.000000 0.429995 1.000000 0.020653 126.457001
0.308081 0.026941 0.454545 1.000000 0.020653 125.427002
0.244421 0.014833 0.208661 0.403927 0.020653 122.527000
0.494949 0.000000 0.454545 0.612530 -0.016049 120.247002
0.621212 0.000000 0.454545 1.000000 0.020653 117.086998
0.797980 0.000000 0.454545 1.000000 -0.005368 113.296997
0.205704 0.000000 0.454545 0.601010 -0.033715 120.572998
0.205704 0.000000 0.454545 0.601010 -0.033715 123.583000
0.030303 0.311403 0.401852 0.445393 0.214410 126.712997
0.272215 0.000000 0.473711 0.601010 0.022858 128.582993
0.053030 0.000000 0.454545 0.601010 -0.030238 129.953003
0.070707 0.000000 0.482693 0.440037 0.016923 130.182999
0.090909 0.000000 0.489171 0.643774 0.022858 129.673004
0.116162 0.303559 0.466948 0.454664 0.182218 127.763000
0.148990 0.000000 0.454545 0.601010 -0.018342 127.752998
0.191919 0.000000 0.454545 0.441276 -0.032534 127.233002
0.242424 0.250892 0.454545 0.667079 0.193793 125.203003
0.308081 0.091749 0.405939 0.601010 0.022858 123.303001
0.393939 0.000000 0.480512 0.601010 0.022858 121.903000
0.494949 0.000000 0.454545 0.601010 0.022858 119.252998
0.272215 0.000000 0.473711 0.601010 0.022858 117.093002
0.797980 0.000000 0.853722 0.601010 0.022858 112.803001
0.015152 0.000000 0.454545 0.199495 -0.039755 119.513000
0.123983 0.059419 0.454545 0.199495 0.026412 124.403000
0.030303 0.000000 0.454545 0.199495 0.026412 127.903000
0.040404 0.000000 0.454545 0.446229 -0.040300 130.033005
0.239096 0.000000 0.467321 0.199495 0.026412 131.022995
0.123983 0.059419 0.454545 0.199495 0.026412 131.013000
0.090909 0.000000 0.454545 0.543807 0.026412 129.632996
0.116162 0.071770 0.454545 0.199495 0.026412 126.862999
0.148990 0.085904 0.420420 0.199495 0.026412 125.602997
0.233576 0.000000 0.500491 0.455283 0.026412 125.343002
0.242424 0.000000 0.442237 0.199495 0.015801 123.453003
0.235473 0.000000 0.454545 0.199495 0.026412 121.313004
0.393939 0.000000 0.454545 0.199495 -0.000987 120.553001
0.235473 0.000000 0.454545 0.199495 0.026412 115.413002
0.015152 0.000000 0.454545 0.000000 0.029191 121.616997
0.021717 0.000000 0.454545 0.000000 -0.037415 125.997002
0.030303 0.000000 0.454545 0.504657 0.029191 129.117004
0.080211 0.235577 0.454545 0.000000 0.161070 130.987000
0.213982 0.000000 0.577321 0.421037 0.029191 131.466995
0.070707 0.242597 0.454545 0.000000 0.181530 130.817001
0.090909 0.000000 0.509611 0.000000 0.029191 128.906998
0.116162 0.075454 0.454545 0.000000 0.029191 125.866997
0.148990 0.000000 0.449774 0.000000 0.029191 124.207001
0.220723 0.000000 0.454545 0.000000 0.029191 123.806999
0.242424 0.104413 0.321366 0.000000 0.029191 122.397003
0.160660 0.000000 0.454545 0.000000 -0.026322 119.737000
0.160660 0.000000 0.454545 0.000000 -0.026322 117.957001
0.021717 0.121622 0.565764 0.542755 0.035129 127.403999
0.030303 0.121622 0.738929 1.000000 0.024622 127.393997
0.040404 0.121622 0.454545 1.000000 -0.000239 128.774002
0.053030 0.121622 0.454545 1.000000 -0.000745 130.143997
0.070707 0.121622 0.726782 1.000000 0.023664 130.643997
0.090909 0.121622 0.454545 1.000000 0.035129 130.113998
0.116162 0.121622 0.454545 1.000000 0.035129 128.334000
0.163734 0.222654 0.454545 1.000000 0.224938 127.054001
0.143362 0.121622 0.454545 1.000000 0.012622 126.533997
0.242424 0.121622 0.868452 0.556005 0.058143 124.363998
0.308081 0.121622 0.525954 0.683277 0.035129 121.944000
0.393939 0.121622 0.454545 1.000000 0.035129 120.533997
0.494949 0.121622 0.365986 1.000000 0.035129 116.723999
0.621212 -0.001841 0.454545 1.000000 0.035129 113.033997
0.797980 0.121622 0.365509 1.000000 0.035129 110.363998
0.203653 0.121622 0.454545 0.199495 0.043912 121.009003
0.021717 0.114765 0.696290 0.465202 0.043912 125.808998
0.030303 0.121622 0.454545 0.199495 0.043912 128.828995
0.110390 0.117105 0.613741 0.199495 0.043912 130.589005
0.053030 0.121622 0.454545 0.468286 0.013346 130.828995
0.070707 0.102303 0.454545 0.199495 0.043912 130.048996
0.124797 0.121622 0.667078 0.199495 0.038019 128.139008
0.116162 0.285896 0.357418 0.199495 0.166920 125.588997
0.148990 0.239179 0.454545 0.199495 0.171838 122.918999
0.191919 0.121622 0.454545 0.199495 0.043912 121.889000
0.148185 0.121622 0.454545 0.199495 0.028648 121.499001
0.148185 0.121622 0.454545 0.199495 0.028648 119.209000
0.146575 0.121622 0.657470 0.199495 0.043912 116.658997
0.494949 0.121622 0.454545 0.199495 0.048746 112.588997
0.203653 0.121622 0.454545 0.199495 0.043912 108.649002
0.165164 0.243243 0.454545 0.531952 0.062253 124.121002
0.147102 0.243243 0.454545 1.000000 0.062253 126.291000
0.021717 0.040237 0.454545 1.000000 0.062253 128.970993
0.092098 0.243243 0.454545 1.000000 0.092138 131.281006
0.040404 0.243243 0.574979 1.000000 0.062253 133.201004
0.053030 0.161842 0.610373 0.400913 0.062253 134.110992
0.163630 0.022089 0.454545 1.000000 0.062253 133.240997
0.090909 0.243243 0.454545 1.000000 0.094534 131.110992
0.116162 0.130643 0.454545 0.476826 0.062253 127.591003
0.148990 0.033190 0.454545 1.000000 0.062253 123.310997
0.191919 0.243243 0.454545 1.000000 0.062253 121.431000
0.242424 0.243243 0.454545 1.000000 0.062253 120.060997
0.308081 0.243243 0.454545 1.000000 0.084328 116.411003
0.010101 0.243243 0.454545 0.487565 0.067784 126.806999
0.111084 0.243243 0.454545 0.601010 0.067784 129.367004
0.111084 0.243243 0.454545 0.601010 0.067784 131.807007
0.030303 0.256972 0.454545 0.601010 0.180285 133.097000
0.040404 0.243243 0.454545 0.601010 0.142914 132.126999
0.053030 0.183168 0.559872 0.383550 0.067784 130.776993
0.111084 0.243243 0.454545 0.601010 0.067784 130.567001
0.093626 0.161129 0.454545 0.601010 0.067784 128.707001
0.116162 0.162547 0.454545 0.601010 0.067784 124.077003
0.134673 0.149502 0.454545 0.400453 0.067784 121.586998
0.191919 0.162023 0.454545 0.601010 0.067784 119.737000
0.242424 0.243243 0.454545 0.601010 0.067784 118.757004
0.308081 0.243243 0.454545 0.675213 0.067784 117.287003
0.393939 0.243243 0.454545 0.755460 0.067784 114.927002
0.005808 0.243243 0.463314 0.471041 0.088381 125.347000
0.010101 0.243243 0.454545 0.199495 0.124624 127.637001
0.015152 0.302439 0.454545 0.537466 0.318839 129.936996
0.021717 0.243243 0.454545 0.199495 0.076703 132.356995
0.152392 0.243243 0.454545 0.199495 0.076703 132.757004
0.114185 0.243243 0.454545 0.199495 0.108873 130.507004
0.053030 0.243243 0.454545 0.199495 0.115808 127.116997
0.070707 0.243243 0.454545 0.199495 0.114128 126.266998
0.090909 0.243243 0.454545 0.199495 0.115270 124.647003
0.144504 0.243243 0.454545 0.514664 0.076703 120.497002
0.148990 0.243243 0.454545 0.199495 0.076703 119.137001
0.191919 0.243243 0.454545 0.573706 0.076703 117.137001
0.242424 0.243243 0.454545 0.608319 0.076703 117.037003
0.308081 0.243243 0.454545 0.199495 0.141109 116.677002
0.005808 0.243243 0.454545 0.457764 0.083675 125.740997
0.010101 0.322879 0.397658 0.000000 0.226522 127.780998
0.130877 0.243243 0.454545 0.499357 0.083675 129.681000
0.130877 0.243243 0.454545 0.499357 0.083675 131.470993
0.030303 0.206524 0.517728 0.000000 0.083675 131.490997
0.040404 0.243243 0.454545 0.000000 0.118394 128.240997
0.053030 0.313909 0.418767 0.000000 0.208402 123.990997
0.070707 0.243243 0.454545 0.000000 0.083675 123.761002
0.090909 0.243243 0.454545 0.489736 0.083675 122.771004
0.116162 0.243243 0.454545 0.000000 0.114759 119.151001
0.068553 0.289044 0.454545 0.448546 0.248499 118.291000
0.191919 0.243243 0.545819 0.000000 0.083675 116.181000
0.114492 0.243243 0.454545 0.000000 0.110770 115.691002
0.085422 0.243243 0.454545 0.470566 0.109581 115.591003
0.005808 0.324324 0.450645 0.456994 0.122731 128.712997
0.096026 0.284263 0.462539 1.000000 0.122731 130.123001
0.015152 0.324324 0.454545 1.000000 0.122731 132.042999
0.134680 0.324324 0.458341 1.000000 0.117441 134.852997
0.030303 0.324324 0.454545 0.517218 0.122731 136.022995
0.040404 0.306181 0.415164 0.456617 0.204456 134.272995
0.053030 0.324324 0.547329 1.000000 0.122731 132.513000
0.073576 0.324324 0.432425 0.481554 0.122731 130.893005
0.068553 0.289044 0.454545 0.448546 0.248499 128.643005
0.116162 0.324324 0.454545 1.000000 0.122731 124.352997
0.148990 0.324324 0.454545 1.000000 0.122731 116.782997
0.191919 0.324324 0.454545 1.000000 0.156518 119.343002
0.242424 0.275864 0.454545 1.000000 0.122731 118.343002
0.308081 0.324324 0.454545 1.000000 0.122731 116.602997
0.393939 0.324324 0.454545 0.693986 0.122731 113.333000
0.494949 0.324324 0.454545 1.000000 0.122731 110.313004
0.109450 0.324324 0.454545 0.199495 0.149819 127.487999
0.005808 0.324324 0.454545 0.199495 0.149819 130.557999
0.010101 0.324324 0.454545 0.199495 0.208620 132.117996
0.015152 0.324324 0.456834 0.199495 0.149819 132.658005
0.021717 0.324324 0.454545 0.199495 0.149819 133.197998
0.030303 0.324324 0.499760 0.445453 0.149819 132.358002
0.040404 0.324324 0.454545 0.199495 0.200697 128.337997
0.053030 0.324324 0.454545 0.199495 0.149819 122.428001
0.102401 0.324324 0.470256 0.199495 0.149819 120.057999
0.092635 0.242548 0.454545 0.199495 0.149819 120.227997
0.092635 0.242548 0.454545 0.199495 0.149819 117.477997
0.148990 0.324324 0.454545 0.199495 0.149819 111.818001
0.100482 0.324324 0.454545 0.523825 0.149819 114.258003
0.242424 0.324324 0.450032 0.199495 0.149819 113.288002
0.308081 0.281682 0.372246 0.555071 0.159879 112.688004
0.393939 0.324324 0.454545 0.199495 0.149819 111.587997
0.494949 0.324324 0.454545 0.774748 0.185906 110.867996
0.000000 0.445946 0.454545 0.481845 0.325792 134.319000
0.055909 0.445946 0.454545 0.461684 0.417636 135.328995
0.091338 0.445946 0.454545 1.000000 0.325792 135.459000
0.010101 0.535039 0.180540 1.000000 0.325792 135.078995
0.015152 0.405124 0.454545 1.000000 0.325792 131.279007
0.021717 0.583836 0.150530 0.533733 0.325792 129.889008
0.030303 0.445946 0.341362 1.000000 0.325792 128.878998
0.040404 0.334735 0.454545 0.445832 0.325792 126.348999
0.053030 0.445946 0.454545 1.000000 0.325792 122.679001
0.055909 0.445946 0.454545 0.461684 0.417636 121.789001
0.090909 0.445946 0.454545 1.000000 0.319156 120.778999
0.116162 0.247796 0.454545 1.000000 0.231177 119.639000
0.148990 0.445946 0.454545 0.536745 0.325792 116.848999
0.191919 0.445946 0.454545 1.000000 0.315760 115.079002
0.242424 0.176744 0.454545 1.000000 0.192662 114.569000
0.308081 0.445946 0.454545 1.000000 0.325792 112.039001
0.000000 0.445946 0.454545 0.601010 0.352403 131.955002
0.002525 0.445946 0.454545 0.471141 0.352403 133.235001
0.005808 0.445946 0.454545 0.601010 0.352403 132.354996
0.010101 0.445946 0.409033 0.483898 0.352403 131.604996
0.015152 0.370830 0.454545 0.601010 0.352403 127.815002
0.021717 0.346499 0.454545 0.429895 0.352403 127.315002
0.055909 0.445946 0.454545 0.461684 0.417636 126.565002
0.040404 0.445946 0.421298 0.601010 0.352403 124.665001
0.053030 0.445946 0.454545 0.601010 0.403335 121.635002
0.083032 0.382833 0.454545 0.601010 0.352403 119.875000
0.090909 0.445946 0.454545 0.503252 0.352403 119.504997
0.116162 0.445946 0.451262 0.601010 0.352403 118.364998
0.075194 0.445946 0.454545 0.601010 0.352403 115.084999
0.191919 0.445946 0.454545 0.601010 0.352403 112.945000
0.077840 0.445946 0.454545 0.601010 0.397838 112.065002
0.075194 0.445946 0.454545 0.601010 0.352403 110.555000
0.090070 0.267970 0.454545 0.199495 0.191476 127.315002
0.063281 0.387345 0.454545 0.199495 0.395309 128.335007
0.055800 0.445946 0.468001 0.444650 0.395309 128.595001
0.058673 0.373214 0.454545 0.359737 0.395309 128.345001
0.015152 0.445946 0.454545 0.199495 0.395309 126.834999
0.021717 0.445946 0.454545 0.199495 0.395309 126.464996
0.030303 0.386827 0.454545 0.199495 0.395309 126.345001
0.040404 0.445946 0.454545 0.199495 0.395309 123.834999
0.053030 0.445946 0.421596 0.199495 0.395309 120.555000
0.081989 0.445946 0.454545 0.199495 0.392968 118.544998
0.090909 0.445946 0.454545 0.478629 0.395309 117.925003
0.116162 0.445946 0.454545 0.199495 0.395309 116.294998
0.081930 0.445946 0.454545 0.199495 0.395309 113.525002
0.191919 0.445946 0.454545 0.199495 0.395309 112.264999
0.060886 0.445946 0.454545 0.424658 0.395309 111.135002
0.308081 0.445946 0.454545 0.199495 0.395309 109.885002
0.000000 0.445946 0.454545 0.000000 0.428849 127.299004
0.069500 0.445946 0.444993 0.000000 0.428849 128.559006
0.075358 0.445946 0.263869 0.450755 0.258198 128.809006
0.010101 0.377221 0.454545 0.417913 0.428849 128.938995
0.015152 0.445946 0.186633 0.000000 0.271983 127.179001
0.056358 0.402553 0.454545 0.000000 0.428849 126.049004
0.030303 0.252017 0.454545 0.000000 0.208303 125.539001
0.056358 0.402553 0.454545 0.000000 0.428849 122.149002
0.053030 0.445946 0.398619 0.000000 0.428849 118.619003
0.055909 0.445946 0.454545 0.461684 0.417636 117.119003
0.084940 0.445946 0.454545 0.000000 0.428849 116.859001
0.116162 0.445946 0.454545 0.000000 0.428849 114.728996
0.148990 0.445946 0.454545 0.000000 0.366918 112.209000
0.084941 0.445946 0.454545 0.000000 0.428849 111.459000
0.081516 0.445946 0.454545 0.000000 0.359936 109.948997
0.084940 0.445946 0.454545 0.000000 0.428849 108.689003
0.108021 0.567568 0.454545 1.000000 0.825973 128.354004
0.002525 0.567568 0.454545 1.000000 0.825973 129.744003
0.005808 0.319509 0.456974 1.000000 0.280462 128.483994
0.010101 0.567568 0.220211 1.000000 0.430871 127.094002
0.015152 0.604413 0.454545 1.000000 0.825973 121.664001
0.059202 0.567568 0.358401 1.000000 0.825973 123.304001
0.030303 0.567568 0.454545 1.000000 0.825973 123.054001
0.040404 0.567568 0.454545 1.000000 0.527843 122.043999
0.053030 0.661412 0.332179 1.000000 0.825973 120.153999
0.070707 0.567568 0.364403 1.000000 0.825973 120.533997
0.090909 0.261102 0.454545 1.000000 0.231962 117.503998
0.078119 0.567568 0.454545 0.478847 0.825973 115.234001
0.108021 0.567568 0.454545 1.000000 0.825973 113.334000
0.191919 0.699734 0.390991 1.000000 0.825973 108.033997
0.242424 0.656346 0.454545 0.809097 0.825973 108.033997
0.308081 0.567568 0.454545 0.647267 0.586577 107.283997
0.000000 0.567568 0.454545 0.199495 1.000000 114.750000
0.002525 0.567568 0.370543 0.204720 1.000000 115.889999
0.005808 0.567568 0.216630 0.199495 0.582602 116.019997
0.010101 0.567568 0.371720 0.199495 1.000000 115.910004
0.015152 0.567568 0.454545 0.199495 0.677970 114.900002
0.021717 0.567568 0.216778 0.597121 0.554513 116.550003
0.030303 0.567568 0.454545 0.199495 1.000000 116.559998
0.040404 0.567568 0.454545 0.199495 1.000000 114.669998
0.053030 0.567568 0.219747 0.609562 0.545350 112.160004
0.070707 0.567568 0.454545 0.393448 1.000000 110.779999
0.090909 0.671693 0.454545 0.592596 1.000000 109.519997
0.102981 0.567568 0.454545 0.199495 0.654438 106.879997
0.102981 0.567568 0.454545 0.199495 0.654438 106.260002
0.118614 0.567568 0.454545 0.199495 1.000000 104.500000
0.242424 0.567568 0.443992 0.199495 1.000000 104.129997
0.118614 0.567568 0.454545 0.199495 1.000000 103.379997
0.030303 0.000000 0.199158 0.661850 0.005857 130.960007
0.040404 0.000000 0.498373 1.000000 0.017932 129.449997
0.053030 0.000000 0.090909 1.000000 0.017589 128.559998
0.070707 0.110022 0.090909 1.000000 0.005857 129.679993
0.197787 0.000000 0.339585 1.000000 -0.004466 131.059998
0.116162 0.000000 0.507612 1.000000 0.018183 131.309998
0.148990 0.002286 0.186941 1.000000 0.005857 135.070007
0.191919 0.000000 0.090909 1.000000 0.018018 134.429993
0.255509 0.000000 0.090909 1.000000 0.005857 134.429993
0.173284 0.260610 0.424160 1.000000 0.233831 133.039993
0.393939 0.000000 0.090909 1.000000 0.005857 130.889999
0.494949 0.000000 0.090909 1.000000 0.005857 128.740005
0.621212 0.055661 0.090909 0.413540 0.005857 125.220001
0.030303 0.000000 0.205184 0.662457 0.006227 124.335999
0.311193 0.042899 0.090909 0.434734 0.006227 125.585999
0.053030 0.000000 0.090909 0.453611 -0.082487 127.075996
0.232542 0.099413 0.080438 0.601010 0.006227 128.576004
0.090909 0.000000 0.090909 0.601010 0.006227 131.455994
0.116162 0.000000 0.291922 0.601010 0.006227 133.955994
0.148990 0.097844 0.090909 0.601010 0.006227 134.826004
0.296536 0.000000 0.090909 0.601010 -0.046442 134.945999
0.242424 0.000000 0.090909 0.601010 -0.043645 134.556000
0.308081 0.000000 0.090909 0.290355 -0.060076 132.796005
0.393939 0.000000 0.090909 0.458876 0.006227 130.156006
0.494949 0.000000 0.090909 0.601010 0.006227 127.636002
0.621212 0.000000 0.090909 0.601010 0.006227 125.375999
0.030303 0.000000 0.090909 0.199495 0.006743 126.508003
0.320762 0.003722 0.052380 0.414050 0.006743 127.638000
0.268263 0.000000 0.161405 0.199495 0.006743 129.147995
0.070707 0.317413 0.377933 0.199495 0.191947 130.908005
0.090909 0.000000 0.177122 0.672203 0.006743 132.917999
0.116162 0.000000 0.177086 0.199495 0.006743 134.938004
0.148990 0.000000 0.090909 0.199495 -0.072857 135.938004
0.191919 0.072010 0.090909 0.199495 0.006743 135.307999
0.185684 0.000000 0.515375 0.199495 0.020044 134.307999
0.308081 0.000000 0.090909 0.199495 -0.054345 131.917999
0.247682 0.086070 0.090909 0.199495 0.006743 128.518005
0.494949 0.095592 0.090909 0.199495 0.044612 125.998001
0.621212 0.059629 0.090909 0.199495 0.006743 123.987999
0.030303 0.000000 0.090909 0.000000 -0.076073 122.790001
0.170718 0.000000 0.491029 0.000000 0.012564 126.779999
0.260456 0.065134 0.090909 0.000000 0.007093 129.270004
0.070707 0.401156 0.090909 0.000000 0.185840 131.009995
0.090909 0.000000 0.090909 0.000000 0.007093 133.009995
0.116162 0.480600 0.090909 0.383283 0.251021 134.869995
0.148990 0.000000 0.090909 0.568474 0.007093 135.490005
0.140181 0.403948 0.090909 0.460245 0.190921 134.110001
0.242424 0.000000 0.090909 0.000000 -0.071159 133.229996
0.308081 0.000000 0.090909 0.000000 0.007093 130.339996
0.393939 0.000000 0.090909 0.000000 -0.054131 126.589996
0.325369 0.000000 0.090909 0.580659 0.007093 122.449997
0.621212 0.000000 0.090909 0.000000 -0.015011 119.070000
0.070707 0.189189 0.090909 1.000000 0.003595 124.318001
0.090909 0.189189 0.090909 1.000000 0.017707 129.848007
0.251793 0.189189 0.090909 1.000000 0.025506 131.977997
0.148990 0.107382 0.090909 1.000000 0.017707 133.727997
0.191919 0.189189 0.206525 1.000000 0.017707 133.598007
0.115360 0.189189 0.524309 0.481729 0.063370 132.828003
0.279367 0.189189 0.181332 1.000000 0.017707 129.307999
0.393939 0.189189 0.090909 0.410774 0.017707 125.267998
0.494949 0.189189 0.090909 0.317140 0.046095 121.237999
0.621212 0.147977 0.090909 1.000000 0.109568 117.328003
0.040404 0.323983 0.378132 0.199495 0.215049 125.647003
0.195595 0.189189 0.090909 0.199495 0.019414 128.427002
0.070707 0.189189 0.178099 0.199495 0.019414 130.197006
0.167316 0.189189 0.127554 0.199495 0.019414 132.587006
0.195595 0.189189 0.090909 0.199495 0.019414 133.847000
0.148990 0.189189 0.090909 0.199495 0.019414 133.587006
0.195595 0.189189 0.090909 0.199495 0.019414 131.807007
0.185149 0.189189 0.090909 0.199495 0.017757 129.776993
0.308081 0.119804 0.445628 0.629816 0.019414 125.717003
0.393939 0.189189 0.378932 0.199495 0.097524 120.397003
0.494949 0.041438 0.323193 0.199495 0.009294 116.967003
0.030303 0.378378 0.090909 0.407552 0.084372 127.556000
0.040404 0.378378 0.333442 1.000000 0.084372 129.945999
0.053030 0.378378 0.151546 0.522847 0.084372 132.085999
0.114661 0.378378 0.231583 1.000000 0.084372 133.845993
0.090909 0.378378 0.090909 1.000000 0.117468 134.475998
0.116162 0.378378 0.090909 0.445924 0.107226 134.225998
0.148990 0.378378 0.090909 1.000000 0.084372 131.966003
0.191919 0.378378 0.090909 1.000000 0.102115 126.926003
0.066761 0.315450 0.090909 0.300662 0.084372 121.146004
0.010101 0.337114 0.090909 0.601010 0.087016 121.582001
0.015152 0.378378 0.090909 0.403597 0.087016 123.741997
0.074341 0.378378 0.090909 0.528124 0.087016 126.152000
0.077119 0.378378 0.090909 0.601010 0.087016 128.561996
0.074340 0.378378 0.090909 0.528124 0.087016 130.722000
0.072323 0.378378 0.279114 0.425567 0.174040 132.251999
0.077119 0.378378 0.090909 0.601010 0.087016 133.031998
0.090909 0.378378 0.090909 0.601010 0.087016 133.042007
0.116162 0.378378 0.090909 0.419151 0.087016 131.542007
0.085454 0.378378 0.450132 0.601010 0.193472 128.401993
0.191919 0.378378 0.251111 0.601010 0.087016 122.612000
0.242424 0.198437 0.631380 0.601010 0.087016 115.811996
0.010101 0.378378 0.090909 0.392647 0.113566 120.014999
0.015152 0.378378 0.185749 0.492420 0.090701 122.904999
0.126819 0.378378 0.090909 0.199495 0.102073 126.044998
0.030303 0.378378 0.190344 0.504284 0.090701 128.434998
0.060169 0.378378 0.090909 0.199495 0.090701 130.195007
0.126819 0.378378 0.090909 0.199495 0.102072 131.205002
0.070707 0.378378 0.146450 0.199495 0.090701 130.964996
0.158291 0.428241 0.090909 0.199495 0.198160 129.964996
0.116162 0.325314 0.090909 0.363337 0.090701 127.464996
0.046930 0.280499 0.090909 0.199495 0.090701 123.964996
0.079517 0.214193 0.535646 0.199495 0.090701 118.955002
0.010101 0.378378 0.090909 0.000000 0.093208 120.075996
0.015152 0.307343 0.090909 0.000000 0.093208 122.966003
0.021717 0.377957 0.090909 0.319273 0.093208 125.856003
0.030303 0.378378 0.294220 0.506524 0.179341 128.246002
0.040404 0.315477 0.411862 0.000000 0.212456 129.516006
0.053030 0.283601 0.090909 0.000000 0.093208 130.156006
0.070707 0.378378 0.090909 0.411109 0.093208 129.296005
0.090909 0.378378 0.090909 0.000000 0.093208 127.685997
0.116162 0.378378 0.090909 0.416277 0.093208 125.575996
0.089362 0.212659 0.521559 0.000000 0.093208 122.085999
0.106762 0.378378 0.090909 0.000000 0.110982 118.106003
0.000000 0.504505 0.090909 1.000000 0.265973 125.941002
0.002525 0.504505 0.090909 0.475749 0.235669 127.100998
0.005808 0.319509 0.456974 1.000000 0.280462 128.380997
0.010101 0.504505 0.090909 1.000000 0.263030 129.281006
0.060831 0.504505 0.090909 1.000000 0.235669 130.311005
0.021717 0.504505 0.090909 1.000000 0.235669 133.610992
0.066743 0.504505 0.148617 1.000000 0.235669 136.031006
0.140181 0.403948 0.090909 0.460245 0.190921 136.940994
0.053030 0.504505 0.090909 1.000000 0.235669 136.190994
0.070707 0.445906 0.246960 1.000000 0.235669 135.190994
0.066743 0.504505 0.148617 1.000000 0.235669 133.311005
0.116162 0.504505 0.247688 1.000000 0.325650 130.541000
0.148990 0.504505 0.090909 0.569429 0.235669 127.140999
0.049279 0.504505 0.090909 1.000000 0.208598 122.471001
0.000000 0.504505 0.090909 0.199495 0.252490 125.010002
0.094826 0.504505 0.090909 0.523144 0.202543 126.430000
0.005808 0.560357 0.090909 0.199495 0.252490 128.990005
0.010101 0.504505 0.090909 0.199495 0.279303 130.669998
0.015152 0.504505 0.090909 0.199495 0.252490 131.960007
0.042097 0.504505 0.190019 0.199495 0.252490 133.130005
0.030303 0.504505 0.090909 0.199495 0.252490 133.789993
0.040404 0.504505 0.090909 0.199495 0.271357 132.429993
0.053030 0.504505 0.230657 0.199495 0.469911 130.050003
0.070707 0.504505 0.090909 0.199495 0.265364 126.540001
0.090909 0.475590 0.174622 0.498953 0.252490 124.419998
0.116162 0.504505 0.203530 0.611760 0.252490 122.169998
0.148990 0.504505 0.090909 0.199495 0.244843 119.669998
0.191919 0.504505 0.280727 0.199495 0.452223 115.519997
0.000000 0.693694 0.090909 1.000000 0.448646 123.595001
0.002525 0.708012 0.090909 1.000000 0.448646 124.834999
0.064917 0.693694 0.090909 1.000000 0.448646 126.195000
0.010101 0.624944 0.179458 0.525011 0.448646 126.805000
0.051632 0.693694 0.096970 0.519853 0.448646 127.285004
0.021717 0.693694 0.090909 1.000000 0.464666 129.645004
0.069360 0.705187 0.090909 1.000000 0.448646 131.514999
0.040404 0.512934 0.090909 0.319963 0.305207 131.865005
0.053030 0.468614 0.090909 1.000000 0.251406 130.845001
0.070707 0.693694 0.090909 1.000000 0.448646 130.065002
0.090909 0.693694 0.103325 1.000000 0.461355 129.285004
0.069360 0.705187 0.090909 1.000000 0.448646 127.625000
0.148990 0.693694 0.090909 1.000000 0.448646 125.714996
0.191919 0.693694 0.091390 1.000000 0.448646 122.675003
0.142592 0.391463 0.090909 1.000000 0.232235 119.135002
0.308081 0.693694 0.090909 1.000000 0.378461 115.214996
0.064917 0.693694 0.090909 1.000000 0.448646 112.675003
0.000000 0.693694 0.090909 0.451844 0.461843 122.940002
0.002525 0.693694 0.090909 0.601010 0.461843 124.169998
0.090131 0.677248 0.203447 0.639865 0.461843 125.389999
0.010101 0.693694 0.090909 0.462316 0.461843 126.500000
0.015152 0.693694 0.090909 0.601010 0.461843 127.220001
0.067753 0.673832 0.090909 0.601010 0.461843 129.330002
0.030303 0.693694 0.090909 0.483345 0.461843 130.429993
0.067753 0.673832 0.090909 0.601010 0.461843 130.399994
0.053030 0.693694 0.090909 0.601010 0.461843 130.000000
0.070707 0.693694 0.090909 0.601010 0.461843 128.199997
0.030890 0.693694 0.090909 0.601010 0.461843 127.040001
0.116162 0.693694 0.090909 0.601010 0.461843 125.629997
0.148990 0.693694 0.090909 0.672027 0.431452 123.459999
0.191919 0.693694 0.090909 0.601010 0.461843 120.919998
0.242424 0.269442 0.090909 0.601010 0.112735 117.110001
0.308081 0.693694 0.090909 0.687931 0.422871 112.930000
0.000000 0.693694 0.090909 0.199495 0.530371 121.782997
0.002525 0.693694 0.090909 0.199495 0.529819 122.892998
0.005808 0.337410 0.372523 0.199495 0.247503 124.492996
0.058648 0.693694 0.107898 0.539723 0.480233 125.352997
0.015152 0.693694 0.090909 0.199495 0.526779 125.962997
0.021717 0.505610 0.090909 0.199495 0.282892 127.443001
0.030303 0.693694 0.090909 0.199495 0.480233 128.423004
0.040404 0.497988 0.090909 0.199495 0.268088 127.892998
0.053030 0.488341 0.090909 0.199495 0.252884 126.742996
0.070707 0.693694 0.110912 0.199495 0.480233 124.843002
0.090909 0.693694 0.090909 0.634440 0.443147 123.443001
0.116162 0.285896 0.357418 0.199495 0.166920 122.413002
0.148990 0.298768 0.481223 0.436373 0.176849 120.513000
0.191919 0.680285 0.210226 0.835972 0.480233 118.112999
0.082626 0.693694 0.178078 0.199495 0.576253 114.453003
0.071410 0.693586 0.090909 0.199495 0.480233 109.663002
0.000000 0.693694 0.090909 0.000000 0.492748 119.974998
0.002525 0.693694 0.090909 0.000000 0.492748 121.224998
0.005808 0.693694 0.090909 0.000000 0.477634 122.845001
0.010101 0.584539 0.184424 0.000000 0.492748 123.705002
0.015152 0.447784 0.090909 0.000000 0.234514 123.695000
0.021717 0.693694 0.090909 0.000000 0.492748 124.684998
0.030303 0.693694 0.090909 0.484450 0.492748 125.555000
0.040404 0.714503 0.090909 0.000000 0.492748 124.525002
0.053030 0.711782 0.090909 0.000000 0.492748 123.254997
0.070707 0.693694 0.112200 0.000000 0.492748 121.485001
0.041518 0.693694 0.090909 0.000000 0.492748 120.834999
0.116162 0.735678 0.090909 0.495401 0.492748 119.945000
0.038036 0.693694 0.090909 0.471025 0.492748 118.044998
0.038036 0.693694 0.090909 0.471025 0.492748 115.635002
0.242424 0.693694 0.090909 0.000000 0.462565 112.355003
0.308081 0.153628 0.090909 0.000000 0.059687 108.184998
0.000000 0.725584 0.090909 1.000000 0.581232 118.004997
0.002525 0.466236 0.090909 1.000000 0.251687 119.114998
0.005808 0.887387 0.118420 1.000000 0.581232 121.235001
0.010101 0.887387 0.041201 1.000000 0.446950 123.864998
0.157808 0.887387 0.090909 1.000000 0.581232 126.995003
0.021717 0.887387 0.039822 1.000000 0.442200 128.365005
0.030303 0.887387 0.090909 1.000000 0.581232 124.555000
0.142592 0.391463 0.090909 1.000000 0.232235 121.885002
0.142592 0.391463 0.090909 1.000000 0.232235 121.485001
0.072131 0.887387 0.090909 0.581271 0.581232 120.574997
0.090909 0.674773 0.217858 1.000000 0.581232 120.055000
0.083795 0.737866 0.090909 1.000000 0.581232 118.385002
0.148990 0.887387 0.090909 0.652765 0.581232 116.224998
0.191919 0.887387 0.090909 0.677682 0.581232 113.044998
0.076600 0.887387 0.110797 0.199495 0.622012 125.973999
0.076212 0.887387 0.090909 0.199495 0.622012 127.223999
0.005808 0.510321 0.090909 0.199495 0.294048 129.863998
0.010101 0.887387 0.090909 0.199495 0.622012 130.613998
0.015152 0.887387 0.090909 0.561260 0.622012 128.444000
0.110490 0.887387 0.011675 0.440508 0.343304 120.323997
0.074929 0.887387 0.090909 0.199495 0.506642 119.174004
0.040404 0.761278 0.090909 0.199495 0.622012 118.903999
0.076212 0.887387 0.090909 0.199495 0.622012 118.634003
0.070707 0.299477 0.443169 0.468455 0.189443 117.603996
0.090909 0.304369 0.374471 0.199495 0.180458 117.723999
0.140181 0.403948 0.090909 0.460245 0.190921 116.183998
0.104986 0.313873 0.418509 0.199495 0.195871 113.003998
0.191919 0.589000 0.281887 0.199495 0.622012 108.683998
0.116162 0.298438 0.432285 1.000000 0.259391 133.707001
0.148990 0.000000 0.000000 1.000000 0.000000 137.007004
0.191919 0.000000 0.000000 1.000000 0.000000 138.557007
0.242424 0.424241 0.000000 1.000000 0.181657 136.837006
0.308081 0.000000 0.210626 1.000000 0.000000 134.987000
0.393939 0.001423 0.212519 1.000000 0.000000 129.867004
0.207804 0.000000 0.000000 1.000000 0.007584 130.787003
0.621212 0.073724 0.000000 0.307752 0.000000 133.207001
0.797980 -0.016893 0.383281 1.000000 0.000000 130.477005
1.000000 0.000000 0.000000 0.281913 0.000000 123.217003
0.090909 0.114175 0.070444 0.601010 0.000200 127.623001
0.219991 0.000000 0.546339 0.601010 0.004649 130.072998
0.268319 0.000000 0.114727 0.601010 0.000200 130.503006
0.191919 0.114074 0.000000 0.601010 0.000200 133.223007
0.236307 0.436630 0.000000 0.601010 0.128365 135.802994
0.308081 0.072252 0.000000 0.484916 0.000200 136.102997
0.393939 0.088196 0.000000 0.601010 0.000200 136.162994
0.494949 0.000000 0.000000 0.360707 0.000200 134.563004
0.374064 0.101360 0.000000 0.601010 0.000200 131.453003
0.797980 0.064274 0.000000 0.326916 0.000200 125.682999
1.000000 0.016551 0.404928 0.808916 0.000200 121.932999
0.070707 0.000000 0.132510 0.199495 0.000479 124.155998
0.090909 0.000000 0.000000 0.199495 -0.071130 130.026001
0.116162 0.000000 0.000000 0.199495 0.000479 131.835999
0.148990 0.133428 0.000000 0.199495 0.000479 133.276001
0.191919 0.120985 0.000000 0.199495 0.000479 135.345993
0.242424 0.086860 0.000000 0.510005 0.000479 136.535995
0.308081 0.000000 0.000000 0.470125 0.000479 136.826004
0.393939 0.000000 0.098604 0.199495 0.000479 135.865997
0.494949 0.000000 0.000000 0.199495 -0.029994 133.376007
0.282620 0.000000 0.055143 0.519249 0.000479 129.115997
0.797980 0.000000 0.000000 0.186467 0.000479 124.986000
0.040404 0.000000 0.120490 0.656718 0.000669 125.126999
0.053030 0.463180 0.000000 0.000000 0.166208 127.946999
0.070707 0.152457 0.000000 0.000000 0.000669 129.266998
0.090909 0.089046 0.152857 0.000000 0.000669 130.697006
0.116162 0.146681 0.000000 0.488553 0.000669 132.897003
0.407609 0.000000 0.000000 0.000000 0.000669 135.227005
0.323255 0.000000 0.000000 0.000000 -0.069254 137.046997
0.242424 0.000000 0.000000 0.515354 0.000669 138.606995
0.308081 0.000000 0.000000 0.470399 0.000669 138.537003
0.393939 0.000000 0.000000 0.000000 0.000669 137.207001
0.494949 0.000000 0.000000 0.361924 0.000669 134.227005
0.621212 0.000000 0.000000 0.000000 0.000669 128.977005
0.797980 0.072844 0.000000 0.000000 0.000669 125.626999
0.307362 0.005397 0.056058 0.413143 0.007722 128.397995
0.288690 0.083227 0.000000 1.000000 0.007722 130.828003
0.148990 0.216216 0.000000 1.000000 -0.008016 133.378006
0.191919 0.121723 0.000000 0.504648 0.007722 134.927994
0.375892 0.090592 0.000000 0.430301 0.007722 135.468002
0.308081 0.216216 0.000000 0.372831 0.007722 134.498001
0.393939 0.089741 0.376071 1.000000 0.105659 131.518005
0.494949 0.264863 0.000000 1.000000 0.099795 127.398003
0.621212 0.082655 0.000000 0.318980 0.007722 127.688004
0.797980 0.216216 0.017947 1.000000 0.007722 124.208000
0.215988 0.216216 0.000000 0.448501 0.007722 119.708000
0.070707 0.216216 0.000000 0.601010 0.008146 121.473999
0.090909 0.216216 0.000000 0.601010 0.008146 125.054001
0.116162 0.216216 0.573210 0.601010 0.070985 129.143997
0.236307 0.436630 0.000000 0.601010 0.128365 132.354004
0.191919 0.122244 0.000000 0.601010 0.008146 133.923996
0.242424 0.216216 0.000000 0.601010 0.008146 135.483994
0.160458 0.216216 0.000000 0.329723 -0.003242 135.164001
0.393939 0.115558 0.000000 0.601010 0.008146 132.184006
0.494949 0.099556 0.000000 0.601010 0.008146 126.944000
0.160458 0.216216 0.000000 0.329723 -0.003242 125.094002
0.797980 0.099411 0.000000 0.601010 0.008146 124.393997
1.000000 0.216216 0.000000 0.601010 0.054796 121.283997
0.214198 0.216216 0.000000 0.449095 0.008736 116.365997
0.021717 0.216216 0.000000 0.290632 0.008736 118.695999
0.030303 0.216216 0.000000 0.199495 0.008736 120.765999
0.040404 0.216216 0.000000 0.199495 0.008736 122.956001
0.111154 0.216216 0.506290 0.199495 0.078946 125.026001
0.070707 0.216216 0.000000 0.252014 -0.014182 125.966003
0.111154 0.216216 0.506290 0.199495 0.078946 128.916000
0.214198 0.216216 0.000000 0.449095 0.008736 131.235992
0.148990 0.216216 0.000000 0.350086 0.008736 133.436005
0.191919 0.131605 0.000000 0.199495 0.008736 134.996002
0.242424 0.323888 0.000000 0.199495 0.097452 135.425995
0.160458 0.216216 0.000000 0.329723 -0.003242 134.335999
0.393939 0.216216 0.000000 0.199495 0.033543 131.345993
0.494949 0.216216 0.000000 0.199495 0.008736 126.066002
0.015152 0.216216 0.000000 0.285933 0.009138 116.127998
0.021717 0.216216 0.000000 0.000000 0.009138 120.078003
0.030303 0.105079 0.276029 0.000000 0.009138 122.648003
0.040404 0.211362 0.000000 0.426032 0.009138 125.348000
0.053030 0.216216 0.000000 0.314464 0.009138 127.407997
0.070707 0.216216 0.010433 0.550392 0.009138 128.718002
0.090909 0.216216 0.000000 0.000000 0.003114 130.147995
0.304965 0.095144 0.000000 0.000000 0.009138 132.587997
0.164385 0.344264 0.000000 0.000000 0.096218 134.268005
0.191919 0.216216 0.000000 0.000000 0.009138 135.328003
0.213547 0.216216 0.000000 0.449294 0.009138 135.248001
0.308081 0.216216 0.000000 0.000000 0.009138 132.897995
0.304965 0.095144 0.000000 0.000000 0.009138 127.008003
0.141072 0.427928 0.000000 1.000000 0.065606 125.725998
0.150641 0.198855 0.557342 1.000000 0.065606 127.206001
0.040404 0.427928 0.000000 0.360903 0.065606 129.556000
0.053030 0.427928 0.119152 1.000000 0.065606 131.656006
0.070707 0.427928 0.000000 1.000000 0.065606 133.755997
0.141072 0.427928 0.000000 1.000000 0.065606 134.975998
0.116162 0.485044 0.000000 1.000000 0.188138 135.955994
0.141073 0.427928 0.000000 1.000000 0.065606 136.166000
0.191919 0.427928 0.042929 1.000000 0.065606 134.235992
0.104924 0.427928 0.000000 0.524843 0.065606 131.186005
0.308081 0.427928 0.000000 1.000000 0.065606 127.246002
0.010101 0.334774 0.000000 0.601010 0.067707 120.952003
0.015152 0.199608 0.493627 0.601010 0.067707 123.082001
0.021717 0.332337 0.000000 0.601010 0.067707 125.452003
0.073145 0.427928 0.012626 0.601010 0.067707 128.082001
0.040404 0.427928 0.000000 0.601010 0.067707 130.332001
0.088409 0.190975 0.538628 0.601010 0.067707 132.201996
0.070707 0.427928 0.000000 0.601010 0.067707 133.061996
0.090909 0.319331 0.000000 0.601010 0.067707 134.052002
0.116162 0.427928 0.000000 0.601010 0.067707 134.151993
0.148990 0.427928 0.382532 0.601010 0.272530 133.251999
0.191919 0.427928 0.000000 0.374274 0.078706 131.582001
0.242424 0.427928 0.015667 0.601010 0.067707 128.412003
0.308081 0.427928 0.206267 0.463218 0.281060 124.222000
0.000000 0.351390 0.000000 0.199495 0.070634 116.073997
0.002525 0.350715 0.000000 0.199495 0.070634 116.924004
0.088997 0.427928 0.000000 0.199495 0.070634 119.293999
0.010101 0.427928 0.000000 0.199495 0.112228 121.153999
0.100722 0.427928 -0.039587 0.199495 0.070634 123.893997
0.088997 0.427928 0.000000 0.199495 0.070634 126.514000
0.030303 0.427928 0.000000 0.352793 0.070634 129.014008
0.040404 0.427928 0.000000 0.199495 0.070634 130.373993
0.053030 0.332363 0.000000 0.199495 0.070634 130.964005
0.070707 0.427928 0.000000 0.368472 0.070634 131.184006
0.090909 0.427928 -0.045079 0.199495 0.070634 131.274002
0.116162 0.351356 0.000000 0.389663 0.070634 131.233994
0.148990 0.427928 0.000000 0.199495 0.070634 129.934006
0.191919 0.427928 0.000000 0.199495 0.070634 127.863998
0.142019 0.354280 0.000000 0.346498 0.070634 125.043999
0.308081 0.427928 0.000000 0.199495 0.097775 120.323997
0.090468 0.427928 0.000000 0.000000 0.072626 119.146004
0.002525 0.427928 0.000000 0.000000 0.072626 120.136002
0.095276 0.179654 0.556616 0.000000 0.072626 122.765999
0.010101 0.427928 0.000000 0.000000 0.072626 124.755997
0.015152 0.427928 0.000000 0.340736 0.072626 126.886002
0.021717 0.427928 0.000000 0.345521 0.072626 129.005997
0.116894 0.427928 -0.044350 0.000000 0.072626 130.746002
0.040404 0.318729 0.000000 0.000000 0.072626 131.345993
0.053030 0.427928 -0.032910 0.000000 0.072626 131.445999
0.070707 0.427928 0.000000 0.000000 0.105341 131.035995
0.090909 0.427928 0.000000 0.371122 0.072626 130.496002
0.116162 0.427928 0.000000 0.000000 0.072626 130.085999
0.148990 0.427928 -0.025220 0.000000 0.072626 128.535995
0.191919 0.427928 0.000000 0.393171 0.072626 126.736000
0.242424 0.427928 0.000000 0.000000 0.089231 124.426003
0.308081 0.282144 0.000000 0.475549 0.072626 120.725998
0.002525 0.572072 0.000000 1.000000 0.203068 119.697998
0.095808 0.418562 0.264045 1.000000 0.203068 122.938004
0.010101 0.572072 0.000000 1.000000 0.203068 125.047997
0.015152 0.572072 0.069630 1.000000 0.203068 126.898003
0.021717 0.614938 0.000000 0.409454 0.203068 128.878006
0.030303 0.572072 0.213658 1.000000 0.433062 130.348007
0.040404 0.572072 0.000000 0.506172 0.203068 131.697998
0.159230 0.395165 0.000000 1.000000 0.162318 133.048004
0.070707 0.572072 0.000000 1.000000 0.203068 134.528000
0.090909 0.572072 0.000000 0.541022 0.203068 134.227997
0.116162 0.572072 0.000000 0.560008 0.203068 134.057999
0.148990 0.572072 0.000000 1.000000 0.203068 133.757996
0.191919 0.243033 0.408512 1.000000 0.238855 131.807999
0.242424 0.572072 0.000000 0.632894 0.203068 128.977997
0.308081 0.572072 0.000000 1.000000 0.205168 125.398003
0.053800 0.572072 0.000000 0.518161 0.203068 120.538002
0.118428 0.289707 0.449565 0.517785 0.162580 114.417999
0.002525 0.637931 0.000000 0.393596 0.217626 121.546997
0.056248 0.572072 0.000000 0.199495 0.217626 123.537003
0.010101 0.572072 0.000000 0.474705 0.217626 125.527000
0.015152 0.547979 0.000000 0.326824 0.232044 127.126999
0.021717 0.578207 0.000000 0.199495 0.217626 128.867004
0.030303 0.311403 0.401852 0.445393 0.214410 130.216995
0.040404 0.306181 0.415164 0.456617 0.204456 130.947006
0.053030 0.572072 0.000000 0.199495 0.217626 130.776993
0.056248 0.572072 0.000000 0.199495 0.217626 129.977005
0.053186 0.572072 0.000000 0.517299 0.217626 129.567001
0.116162 0.630932 0.000000 0.473576 0.217626 129.026993
0.148990 0.572072 0.000000 0.199495 0.235438 127.847000
0.191919 0.502982 0.000000 0.199495 0.217626 126.537003
0.056248 0.572072 0.000000 0.199495 0.217626 125.107002
0.308081 0.355715 0.271105 0.550053 0.217626 123.177002
0.066290 0.589732 0.000000 0.344744 0.217626 120.607002
0.056248 0.572072 0.000000 0.199495 0.217626 116.016998
0.000000 0.335492 0.359404 0.398337 0.253716 112.505997
0.063508 0.783784 -0.086790 0.445971 0.270697 113.795998
0.091723 0.783784 0.028843 1.000000 0.405122 115.846001
0.010101 0.783784 0.000000 0.443559 0.270697 117.396004
0.015152 0.783784 0.000000 1.000000 0.384353 119.806000
0.021717 0.491952 0.214145 1.000000 0.270697 122.606003
0.030303 0.783784 0.064485 1.000000 0.464994 124.276001
0.040404 0.783784 0.000000 1.000000 0.270697 125.816002
0.098127 0.645326 0.000000 1.000000 0.270697 126.356003
0.070707 0.783784 0.000000 1.000000 0.360424 126.405998
0.063508 0.783784 -0.086790 0.445971 0.270697 126.825996
0.116162 0.783784 0.000000 1.000000 0.337259 126.746002
0.148990 0.783784 0.000000 1.000000 0.270697 126.536003
0.191919 0.783784 0.000000 1.000000 0.270697 125.585999
0.138016 0.783784 0.000000 1.000000 0.270697 123.125999
0.308081 0.783784 0.022726 0.327280 0.339216 119.916000
0.393939 0.783784 0.035028 0.413828 0.347702 115.466003
0.000000 0.783784 0.000000 0.601010 0.278741 109.950996
0.002525 0.616975 0.000000 0.601010 0.278741 110.490997
0.005808 0.783784 0.000000 0.601010 0.359479 111.911003
0.142338 0.195675 0.364279 0.601010 0.073706 115.460999
0.015152 0.430595 0.269398 0.601010 0.278741 119.621002
0.021717 0.783784 0.000000 0.457097 0.278741 122.411003
0.030303 0.430474 0.280440 0.601010 0.278741 123.091003
0.089131 0.783784 0.000000 0.424309 0.278741 126.000999
0.053030 0.783784 0.000000 0.601010 0.278741 129.300995
0.070707 0.435428 0.306248 0.601010 0.278741 126.471001
0.087022 0.783784 0.000000 0.601010 0.278741 125.261002
0.116162 0.783784 0.000000 0.601010 0.278741 124.931000
0.236307 0.436630 0.000000 0.601010 0.128365 124.100998
0.065325 0.783784 -0.077308 0.448444 0.278741 121.771004
0.242424 0.434113 0.402795 0.601010 0.278741 118.941002
0.023881 0.783784 -0.046213 0.601010 0.278741 114.861000
0.000000 0.783784 0.000000 0.199495 0.289946 114.043999
0.002525 0.783784 0.000000 0.199495 0.289946 114.713997
0.005808 0.783784 0.000000 0.471413 0.343500 115.143997
0.010101 0.783784 0.000000 0.199495 0.289946 115.444000
0.015152 0.783784 -0.052839 0.199495 0.289946 117.514000
0.021717 0.783784 0.000000 0.199495 0.289946 124.514000
0.054456 0.783784 0.000000 0.199495 0.330286 135.324005
0.081668 0.496253 0.177807 0.199495 0.289946 138.274002
0.053030 0.664327 0.000000 0.199495 0.289946 131.363998
0.070707 0.783784 0.000000 0.583482 0.327399 127.613998
0.090909 0.783784 0.000000 0.607476 0.327232 126.643997
0.116162 0.750159 0.000000 0.484096 0.289946 124.153999
0.070390 0.675814 0.000000 0.199495 0.289946 123.564003
0.191919 0.783784 0.000000 0.680705 0.334776 122.723999
0.081668 0.496253 0.177807 0.199495 0.289946 119.853996
0.000000 0.667960 0.000000 0.000000 0.297573 116.146004
0.002525 0.783784 0.000000 0.000000 0.297573 116.956001
0.005808 0.783784 -0.034774 0.000000 0.297573 118.416000
0.049776 0.783784 -0.040937 0.000000 0.297573 120.765999
0.015152 0.783784 0.000000 0.000000 0.306518 127.676003
0.021717 0.783784 -0.032124 0.000000 0.297573 136.886002
0.051842 0.783784 0.000000 0.000000 0.291873 139.225998
0.039515 0.783784 0.000000 0.000000 0.297573 131.796005
0.053030 0.783784 0.000000 0.489666 0.297573 128.306000
0.070707 0.649491 0.000000 0.000000 0.297573 126.846001
0.090909 0.783784 -0.026296 0.000000 0.297573 124.356003
0.116162 0.783784 0.000000 0.000000 0.297573 124.166000
0.148990 0.783784 0.000000 0.000000 0.309863 123.466003
0.191919 0.783784 -0.011969 0.000000 0.297573 121.996002
0.242424 0.783784 0.105910 0.000000 0.444857 117.996002
0.100632 1.000000 -0.008400 0.627306 0.362298 115.857002
0.010101 0.801914 0.000000 0.372285 0.362298 117.927002
0.015152 1.000000 0.000000 0.452741 0.362298 117.967003
0.021717 1.000000 0.000000 0.459411 0.362298 120.656998
0.030303 1.000000 0.000000 0.468040 0.362298 123.226997
0.040404 1.000000 0.000000 1.000000 0.362298 134.246994
0.053030 0.312946 0.449229 1.000000 0.273899 140.987000
0.070707 1.000000 0.000000 1.000000 0.375232 131.817001
0.140787 1.000000 0.003379 1.000000 0.362298 127.196999
0.116162 1.000000 0.000000 0.552798 0.362298 126.097000
0.148990 1.000000 0.010259 0.649052 0.362298 124.126999
0.191919 1.000000 0.000000 0.629060 0.362298 123.917000
0.242424 0.722853 0.000000 1.000000 0.362298 125.726997
0.308081 1.000000 0.000000 1.000000 0.362298 123.126999
0.393939 0.542638 0.213181 1.000000 0.362298 121.656998
0.000000 1.000000 0.000000 0.435218 0.387897 116.066002
0.002525 1.000000 0.000000 0.199495 0.387897 117.386002
0.028374 1.000000 0.000000 0.199495 0.387897 120.716003
0.010101 1.000000 0.000000 0.199495 0.387897 123.416000
0.015152 0.552254 0.142599 0.199495 0.387897 129.776001
0.032333 1.000000 0.000000 0.199495 0.363192 137.026001
0.077611 0.750156 0.000000 0.199495 0.387897 137.076004
0.134847 1.000000 0.012305 0.420028 0.338096 128.416000
0.053030 1.000000 0.006501 0.589989 0.387897 126.445999
0.032333 1.000000 0.000000 0.199495 0.363192 122.216003
0.090909 0.631804 0.162512 0.590992 0.387897 121.255997
0.116162 1.000000 0.000000 0.552195 0.387897 121.306000
0.032333 1.000000 0.000000 0.199495 0.363192 120.856003
0.028374 1.000000 0.000000 0.199495 0.387897 119.646004
0.242424 1.000000 0.043975 0.688495 0.387897 118.816002
0.227804 0.000000 0.272727 1.000000 0.015483 124.154999
0.030303 0.000000 0.421825 1.000000 0.013964 126.805000
0.040404 0.000000 0.272727 1.000000 0.005791 128.824997
0.053030 0.000000 0.272727 1.000000 0.013964 130.335007
0.070707 0.000000 0.482693 0.440037 0.016923 131.725006
0.090909 0.063182 0.272727 1.000000 0.013964 132.095001
0.116162 0.000000 0.507612 1.000000 0.018183 132.595001
0.172648 0.000000 0.459939 0.453082 0.015582 131.955002
0.191919 0.000000 0.272727 0.547629 0.013964 130.934998
0.210231 0.000000 0.272727 0.493397 -0.051724 130.794998
0.256161 0.000000 0.231752 0.523235 0.013964 129.395004
0.393939 0.000000 0.272727 1.000000 0.003234 125.464996
0.494949 0.000000 0.272727 1.000000 0.013964 123.305000
0.256161 0.000000 0.231752 0.523235 0.013964 119.375000
0.021717 0.102500 0.272727 0.601010 0.015844 126.169998
0.258321 0.000000 0.272727 0.535091 0.015844 127.919998
0.040404 0.000000 0.518872 0.451601 0.015482 129.800003
0.053030 0.000000 0.272727 0.601010 0.015844 131.429993
0.304730 0.000000 0.331223 0.601010 0.015844 132.050003
0.090909 0.000000 0.272727 0.514330 -0.063140 132.539993
0.116162 0.000000 0.272727 0.601010 0.015844 133.039993
0.148990 0.000000 0.272727 0.601010 0.015844 131.779999
0.261039 0.000000 0.272727 0.601010 -0.044807 129.500000
0.261039 0.000000 0.272727 0.601010 -0.044807 128.360001
0.308081 0.000000 0.272727 0.503848 0.015844 127.730003
0.393939 0.000000 0.272727 0.601010 0.015844 124.449997
0.494949 0.000000 0.329488 0.293077 0.012252 121.930000
0.621212 0.000000 0.272727 0.601010 0.015844 119.910004
0.267848 0.000000 0.272727 0.199495 0.018318 125.401001
0.030303 0.088837 0.272727 0.199495 0.018318 128.401001
0.040404 0.000000 0.472505 0.199495 0.018318 130.781006
0.272127 0.000000 0.316621 0.512197 0.018318 132.270996
0.070707 0.091174 0.311764 0.199495 0.018318 133.261002
0.267848 0.000000 0.272727 0.199495 0.018318 133.251007
0.254153 0.000000 0.272727 0.532990 0.018318 132.610992
0.148990 0.000000 0.524237 0.199495 0.023329 130.960999
0.117039 0.351201 0.272727 0.199495 0.240827 127.801003
0.242424 0.000000 0.272727 0.199495 -0.036706 126.021004
0.272127 0.000000 0.316621 0.512197 0.018318 125.630997
0.393939 0.000000 0.272727 0.199495 0.018318 122.341003
0.494949 0.000000 0.272727 0.353628 -0.006804 119.560997
0.021717 0.099402 0.272727 0.000000 0.018966 126.413002
0.030303 0.000000 0.611733 0.000000 0.027001 129.052994
0.040404 0.000000 0.597679 0.000000 0.026261 131.313004
0.274909 0.000000 0.272727 0.000000 0.018966 133.063004
0.177754 0.061129 0.272727 0.000000 0.018966 133.552994
0.090909 0.000000 0.272727 0.514330 -0.063140 133.153000
0.116162 0.000000 0.499259 0.000000 0.013472 132.003006
0.148990 0.072102 0.272727 0.000000 0.018966 129.973007
0.191919 0.000000 0.272727 0.000000 0.018966 126.932999
0.170718 0.000000 0.491029 0.000000 0.012564 124.392998
0.308081 0.000000 0.272727 0.000000 -0.029557 124.252998
0.393939 0.099779 0.429881 0.757498 0.018966 120.193001
0.494949 0.000000 0.272727 0.000000 0.018966 115.892998
0.271944 0.041765 0.272727 1.000000 0.028056 131.074005
0.040404 0.148649 0.272727 1.000000 0.028056 131.434006
0.053030 0.148649 0.272727 0.535208 0.028056 132.304001
0.070707 0.148649 0.272727 0.535075 0.028056 133.664001
0.090909 0.148649 0.272727 1.000000 -0.011449 134.033997
0.116162 0.085805 0.272727 0.429290 0.028056 133.893997
0.271944 0.041765 0.272727 1.000000 0.028056 132.113998
0.280397 0.019821 0.351054 0.417712 0.028056 128.703995
0.242424 0.148649 0.272727 0.501354 0.028056 127.054001
0.308081 0.148649 0.360934 0.692156 0.028056 124.903999
0.393939 0.007358 0.462614 1.000000 0.028056 121.234001
0.494949 0.148649 0.272727 1.000000 0.028056 116.694000
0.021717 0.317962 0.389739 0.433060 0.225240 126.598999
0.173829 0.078420 0.272727 0.601010 0.031207 129.119003
0.040404 0.148649 0.272727 0.531946 0.031207 131.128998
0.053030 0.348897 0.272727 0.601010 0.229811 132.768997
0.070707 0.148649 0.478054 0.601010 0.031207 133.649002
0.090909 0.148649 0.272727 0.601010 0.031207 133.649002
0.201370 0.148649 0.272727 0.601010 0.031207 132.889008
0.148990 0.148649 0.441767 0.601010 0.031207 130.628998
0.191919 0.148649 0.272727 0.601010 0.031207 127.228996
0.242424 0.148649 0.272727 0.601010 0.031207 124.838997
0.308081 0.195087 0.272727 0.601010 0.131322 123.838997
0.393939 0.148649 0.272727 0.551597 0.031207 120.569000
0.494949 0.148649 0.272727 0.601010 0.069917 115.658997
0.127116 0.108210 0.272727 0.199495 0.035350 127.250999
0.030303 0.148649 0.272727 0.199495 0.001836 129.990997
0.040404 0.148649 0.272727 0.455751 0.016072 131.970993
0.197921 0.148649 0.272727 0.544124 0.035350 133.210999
0.166587 0.148649 0.455942 0.199495 0.035350 133.070999
0.127116 0.108210 0.272727 0.199495 0.035350 132.300995
0.116162 0.101731 0.272727 0.419494 0.035350 130.791000
0.148990 0.148649 0.272727 0.199495 0.035350 128.401001
0.191919 0.096140 0.510909 0.199495 0.035350 124.880997
0.104986 0.313873 0.418509 0.199495 0.195871 122.371002
0.125268 0.101962 0.561594 0.199495 0.035350 120.850998
0.393939 0.148649 0.272727 0.199495 0.035350 118.091003
0.494949 0.148649 0.272727 0.199495 0.072926 115.320999
0.021717 0.148649 0.272727 0.000000 0.014872 128.951996
0.138852 0.101570 0.272727 0.000000 0.036436 131.362000
0.176426 0.148649 0.272727 0.000000 0.013352 133.011993
0.053030 0.124238 0.272727 0.000000 0.036436 134.022003
0.117459 0.242953 0.272727 0.000000 0.148250 133.401993
0.090909 0.148649 0.424574 0.000000 0.036436 131.641998
0.116162 0.104929 0.272727 0.418211 0.036436 130.391998
0.148990 0.148649 0.272727 0.000000 0.020743 128.251999
0.176426 0.148649 0.272727 0.000000 0.013352 124.851997
0.167870 0.148649 0.272727 0.480283 0.028997 122.082001
0.308081 0.148649 0.272727 0.000000 0.036436 120.702003
0.117459 0.242953 0.272727 0.000000 0.148250 117.431999
0.092590 0.301802 0.272727 0.451075 0.111768 131.447998
0.030303 0.061678 0.272727 1.000000 0.075541 134.477997
0.040404 0.301802 0.272727 0.426487 0.103079 136.757996
0.053030 0.249112 0.552839 1.000000 0.075541 137.658005
0.145628 0.301802 0.502819 1.000000 0.110648 136.677994
0.112408 0.301802 0.272727 0.511934 0.075541 134.567993
0.116162 0.301802 0.543779 1.000000 0.104508 131.457993
0.148990 0.301802 0.360838 0.577683 0.075541 124.458000
0.015152 0.301802 0.272727 0.413382 0.103197 129.343002
0.118428 0.289707 0.449565 0.517785 0.162580 133.022995
0.030303 0.301802 0.272727 0.601010 0.082971 135.953003
0.133979 0.301802 0.272727 0.601010 0.117979 137.233002
0.053030 0.301802 0.272727 0.430552 0.103389 136.882996
0.085851 0.301802 0.272727 0.601010 0.082971 133.653000
0.090909 0.301802 0.272727 0.601010 0.082971 129.653000
0.116162 0.301802 0.442591 0.601010 0.082971 124.273003
0.010101 0.301802 0.272727 0.444460 0.092743 128.294998
0.015152 0.301802 0.439423 0.199495 0.148549 130.955002
0.117890 0.301802 0.402275 0.199495 0.092743 133.354996
0.030303 0.253909 0.272727 0.465032 0.092743 134.625000
0.040404 0.301802 0.442146 0.199495 0.146413 134.514999
0.053030 0.301802 0.272727 0.430552 0.103389 132.395004
0.070707 0.301802 0.441376 0.199495 0.145836 127.375000
0.079927 0.222731 0.272727 0.199495 0.092743 122.235001
0.005808 0.252262 0.272727 0.000000 0.095303 126.265999
0.092608 0.301802 0.272727 0.000000 0.095303 128.296005
0.015152 0.301802 0.272727 0.000000 0.095303 130.205994
0.021717 0.301802 0.422914 0.464416 0.117905 132.115997
0.092608 0.301802 0.272727 0.000000 0.095303 132.886002
0.040404 0.306181 0.415164 0.456617 0.204456 131.636002
0.094953 0.301802 0.272727 0.484867 0.095303 129.255997
0.070707 0.301802 0.272727 0.000000 0.095303 124.346001
0.090909 0.301802 0.272727 0.000000 0.095303 120.445999
0.000000 0.379311 0.272727 1.000000 0.170798 133.503006
0.138603 0.318562 0.272727 1.000000 0.305546 134.533005
0.005808 0.400901 0.433704 1.000000 0.208747 136.582993
0.090454 0.400901 0.272727 1.000000 0.170798 138.123001
0.015152 0.400901 0.272727 1.000000 0.170798 138.522995
0.021717 0.376928 0.272727 1.000000 0.170798 138.423004
0.030303 0.400901 0.272727 0.473182 0.170798 137.813004
0.040404 0.355446 0.395277 1.000000 0.170798 135.432999
0.090454 0.400901 0.272727 1.000000 0.170798 132.792999
0.070707 0.400901 0.377050 1.000000 0.170798 128.763000
0.090909 0.400901 0.272727 1.000000 0.170798 124.233002
0.173284 0.260610 0.424160 1.000000 0.233831 123.623001
0.090454 0.400901 0.272727 1.000000 0.170798 123.263000
0.191919 0.322472 0.332098 0.462707 0.170798 120.242996
0.242424 0.400901 0.272727 1.000000 0.188327 116.723000
0.063537 0.400901 0.272727 1.000000 0.181605 117.252998
0.089555 0.400901 0.272727 0.199495 0.220041 133.419998
0.089555 0.400901 0.272727 0.199495 0.220041 134.339996
0.005808 0.337410 0.372523 0.199495 0.247503 135.380005
0.010101 0.400901 0.272727 0.199495 0.207874 135.539993
0.061082 0.400901 0.272727 0.199495 0.207874 133.789993
0.117039 0.351201 0.272727 0.199495 0.240827 131.919998
0.030303 0.400901 0.272727 0.199495 0.207874 130.940002
0.040404 0.400901 0.272727 0.199495 0.207874 129.580002
0.053030 0.369629 0.272727 0.199495 0.207874 127.709999
0.070707 0.400901 0.272727 0.199495 0.207874 123.820000
0.061082 0.400901 0.272727 0.199495 0.207874 119.040001
0.116162 0.400901 0.272727 0.199495 0.207874 119.190002
0.148990 0.400901 0.346832 0.199495 0.207874 119.349998
0.191919 0.400901 0.272727 0.199495 0.207874 116.220001
0.089555 0.400901 0.272727 0.199495 0.220041 113.080002
0.308081 0.400901 0.272727 0.199495 0.207874 113.110001
0.000000 0.554054 0.272727 1.000000 0.575386 130.587997
0.002525 0.554054 0.272727 1.000000 0.487413 131.567993
0.005808 0.554054 0.272727 1.000000 0.487093 137.067993
0.053566 0.554054 0.272727 1.000000 0.445088 139.427994
0.015152 0.554054 0.272727 0.599351 0.581500 140.158005
0.021717 0.554054 0.261387 1.000000 0.575386 135.367996
0.030303 0.554054 0.272727 1.000000 0.575386 127.318001
0.040404 0.554054 0.227813 1.000000 0.410410 127.928001
0.053030 0.554054 0.272727 1.000000 0.575386 126.648003
0.077661 0.554054 0.272727 1.000000 0.575386 124.748001
0.090909 0.554054 0.209939 1.000000 0.398723 122.218002
0.064968 0.554054 0.302493 1.000000 0.575386 121.318001
0.148990 0.554054 0.272727 1.000000 0.466618 120.797997
0.191919 0.645104 0.272727 1.000000 0.575386 118.017998
0.051681 0.554054 0.272727 0.456556 0.572403 116.108002
0.308081 0.554054 0.272727 1.000000 0.575386 113.958000
0.000000 0.554054 0.272727 0.585793 0.583416 132.304001
0.002525 0.554054 0.272727 0.601010 0.627861 133.294006
0.005808 0.538320 0.272727 0.502848 0.627861 135.673996
0.010101 0.554054 0.272727 0.601010 0.627861 136.414001
0.015152 0.554054 0.272727 0.601010 0.627861 133.774002
0.021717 0.554054 0.272727 0.535132 0.627861 124.244003
0.030303 0.554054 0.226190 0.605308 0.538591 125.113998
0.040404 0.554054 0.272727 0.601010 0.627861 125.484001
0.053030 0.554054 0.227775 0.613113 0.531542 124.213997
0.054899 0.554054 0.272727 0.601010 0.627861 121.823997
0.090909 0.567629 0.289882 0.601010 0.627861 118.564003
0.054899 0.554054 0.272727 0.601010 0.627861 117.054001
0.148990 0.554054 0.334404 0.540632 0.627861 116.914001
0.191919 0.554054 0.272727 0.601010 0.627861 114.403999
0.146505 0.266109 0.272727 0.601010 0.167003 112.014000
0.063547 0.554054 0.363624 0.601010 0.627861 110.124001
0.000000 0.554054 0.272727 0.199495 0.696874 128.544998
0.002525 0.554054 0.319555 0.199495 0.696874 129.675003
0.005808 0.554054 0.272727 0.524846 0.696874 129.414993
0.010101 0.554054 0.322629 0.199495 0.696874 128.264999
0.015152 0.613072 0.218874 0.199495 0.696874 122.205002
0.021717 0.554054 0.272727 0.530416 0.696874 121.315002
0.030303 0.566820 0.272727 0.568276 0.696874 122.315002
0.040404 0.554054 0.272727 0.199495 0.696874 122.434998
0.053439 0.554054 0.272727 0.487297 0.696874 121.165001
0.068866 0.554054 0.252253 0.199495 0.520131 117.875000
0.090909 0.554054 0.322854 0.421323 0.696874 114.084999
0.088833 0.554054 0.272727 0.199495 0.696874 113.315002
0.049742 0.554054 0.322364 0.346066 0.696874 113.055000
0.191919 0.554054 0.272727 0.572627 0.696874 110.904999
0.242424 0.554054 0.272727 0.199495 0.554626 108.625000
0.053439 0.554054 0.272727 0.487297 0.696874 107.985001
0.000000 0.554054 0.298714 0.392166 0.714954 124.987000
0.002525 0.554054 0.272727 0.000000 0.714954 125.857002
0.048583 0.554054 0.174864 0.000000 0.424338 124.717003
0.010101 0.554054 0.272727 0.000000 0.714954 123.207001
0.015152 0.612530 0.272727 0.000000 0.714954 118.667000
0.021717 0.554054 0.272727 0.000000 0.714954 119.287003
0.030303 0.554054 0.272727 0.532548 0.714954 120.037003
0.040404 0.554054 0.272727 0.536104 0.714954 119.777000
0.053030 0.606417 0.235260 0.000000 0.714954 118.766998
0.117459 0.242953 0.272727 0.000000 0.148250 114.476997
0.090909 0.554054 0.272727 0.000000 0.714954 110.446999
0.116162 0.598540 0.272727 0.000000 0.714954 110.317001
0.148990 0.554054 0.272727 0.000000 0.714954 110.306999
0.191919 0.554054 0.272727 0.571355 0.714954 108.406998
0.242424 0.554054 0.272727 0.000000 0.714954 107.147003
0.094942 0.243534 0.426609 0.000000 0.140882 107.266998
0.000000 0.583660 0.272727 0.568660 0.746850 130.897995
0.002525 0.702703 0.272727 1.000000 0.746850 132.158005
0.005808 0.702703 0.272727 1.000000 0.746850 133.807999
0.010101 0.362969 0.272727 1.000000 0.323922 134.057999
0.015152 0.702703 0.272727 0.587040 0.770709 130.638000
0.021717 0.630474 0.272727 1.000000 0.746850 122.288002
0.030303 0.702703 0.272727 1.000000 0.636068 124.188004
0.040404 0.636169 0.272727 1.000000 0.746850 124.438004
0.059869 0.702703 0.272727 0.561755 0.746850 123.178001
0.086326 0.702703 0.272727 1.000000 0.746850 121.528000
0.090909 0.653763 0.272727 1.000000 0.746850 119.888000
0.116162 0.702703 0.272727 1.000000 0.746850 118.998001
0.076924 0.639759 0.272727 1.000000 0.746850 116.468002
0.191919 0.702703 0.272727 1.000000 0.746850 113.297997
0.000000 0.702703 0.272727 0.199495 0.801659 123.514000
0.002525 0.702703 0.139825 0.199495 0.577752 124.643997
0.005808 0.702703 0.272727 0.199495 0.904111 122.753998
0.052263 0.702703 0.272727 0.335410 0.904111 120.484001
0.015152 0.702703 0.250266 0.199495 0.904111 115.304001
0.083202 0.658292 0.344813 0.199495 0.904111 118.084000
0.030303 0.702703 0.272727 0.199495 0.904111 118.963997
0.090656 0.702703 0.272727 0.199495 0.767408 119.223999
0.082538 0.702703 0.172571 0.199495 0.570708 118.213997
0.070707 0.644601 0.380388 0.556484 0.904111 114.554001
0.071027 0.628777 0.401608 0.378079 0.904111 110.893997
0.116162 0.702703 0.272727 0.419653 0.904111 110.264000
0.148990 0.702703 0.272727 0.199495 0.904111 109.253998
0.191919 0.702703 0.272727 0.199495 0.904111 106.603996
0.242424 0.702703 0.272727 0.199495 0.904111 106.223999
0.308081 0.642524 0.272727 0.199495 0.904111 104.204002
