0.148999 0.268369 0.225783 0.022694 1.000000 0.786667 0.494355 1.000000
0.169172 0.131008 0.240004 0.010852 0.000000 0.592877 0.500000 1.000000
0.127726 0.167991 0.261783 0.004724 1.000000 0.733333 1.000000 1.000000
0.085180 0.105356 0.262722 0.000911 1.000000 0.598019 0.500000 1.000000
0.179280 0.117400 0.202163 0.012601 0.000000 0.432185 0.295724 1.000000
0.085180 0.092984 0.236263 -0.000886 1.000000 0.560000 0.402312 1.000000
0.070014 0.074201 0.262722 -0.001354 0.971713 0.773333 0.500000 1.000000
0.152276 0.200244 0.248538 0.015054 1.000000 0.746667 0.500000 1.000000
0.305185 0.445030 0.262722 0.072859 1.000000 0.694891 0.500000 1.000000
0.135741 0.195226 0.253075 0.018138 1.000000 0.626667 0.500000 1.000000
0.170360 0.213282 0.266822 0.017221 1.000000 0.540965 0.420274 1.000000
0.257942 0.329307 0.266822 0.024970 0.959022 0.591783 0.500000 1.000000
0.212906 0.282973 0.249340 0.017486 1.000000 0.760000 0.500000 1.000000
0.188030 0.171691 0.254538 0.054981 0.000000 0.626667 0.456688 1.000000
0.297486 0.341323 0.275040 0.029521 1.034106 1.000000 0.500000 1.000000
0.255541 0.328375 0.270923 0.137821 1.000000 0.780108 0.500000 1.000000
0.106453 0.107972 0.262722 -0.000691 1.000000 0.760000 0.500000 1.000000
0.100095 0.133270 0.213465 0.014305 1.000000 0.468832 0.500000 1.000000
0.973298 0.971295 0.317160 0.052837 1.000000 0.848201 0.500000 1.000000
1.000000 1.000000 0.315445 0.054333 1.000000 0.856525 0.500000 1.000000
0.106453 0.122632 0.266822 0.022296 0.711091 0.680000 0.500000 1.000000
0.127726 0.150277 0.209364 0.034521 0.000000 0.880000 0.500000 1.000000
0.127726 0.135071 0.270923 0.035250 0.000000 0.413333 0.500000 1.000000
0.106453 0.147818 0.262722 0.006714 1.000000 0.353766 0.257006 1.000000
0.063818 0.066991 0.258884 0.002447 0.904261 0.760000 1.000000 1.000000
0.946595 0.941906 0.318876 0.076591 0.392318 0.417838 0.000000 1.000000
0.973298 0.970953 0.317160 0.074265 1.000000 0.893333 0.500000 1.000000
0.000000 0.003736 0.229830 -0.000333 1.000000 0.800000 0.556242 1.000000
0.946595 0.941906 0.267282 0.074265 0.990248 0.800000 0.500000 1.000000
0.108629 0.165611 0.262722 0.013084 1.000000 0.331023 0.233270 1.000000
0.085180 0.105301 0.266822 0.003568 1.000000 0.840000 0.526612 1.000000
0.063818 0.075523 0.228740 0.000730 1.000000 0.786667 0.500000 1.000000
0.085180 0.088648 0.242733 0.021198 1.000000 0.588103 0.500000 1.000000
0.085180 0.113055 0.233086 0.017404 0.000000 0.706667 0.500000 1.000000
0.085180 0.117226 0.258621 0.003917 1.000000 0.706667 0.475912 1.000000
0.121992 0.089499 0.262722 0.024926 0.000000 0.480000 0.500000 1.000000
0.063818 0.070018 0.270923 0.023761 1.000000 0.640000 0.500000 1.000000
0.063818 0.099767 0.258621 0.020800 0.971717 0.550807 0.500000 1.000000
0.111356 0.133508 0.258621 0.004947 1.000000 0.786667 0.500000 1.000000
0.075062 0.070556 0.266822 0.004392 1.000000 0.476467 0.330494 1.000000
0.298086 0.286928 0.192945 0.048155 0.000000 0.426667 0.500000 0.000000
0.063818 0.294285 0.248341 0.000000 0.295027 0.306667 0.000000 0.000000
0.227764 0.160891 0.270923 0.054054 0.000000 0.306667 0.260557 0.000000
0.201221 0.408873 0.270682 0.008177 1.000000 0.120000 0.500000 0.000000
0.169156 0.248475 0.270923 0.021122 0.000000 0.040000 0.000000 0.000000
0.255541 0.427439 0.131369 0.004676 0.000000 0.162916 0.000000 0.000000
0.085180 0.094053 0.205247 0.010098 1.000000 0.346667 0.000000 0.000000
0.085180 0.072654 0.245729 0.005351 0.723374 0.562837 0.394270 0.000000
0.127726 0.133561 0.270923 0.019466 0.000000 0.066667 0.000000 0.000000
0.106453 0.105821 0.232846 0.015205 0.140725 0.280000 0.000000 0.000000
0.144704 0.111630 0.221386 0.036056 0.000000 0.466667 0.479408 0.000000
0.127726 0.130455 0.229884 0.014119 0.000000 0.493333 1.000000 0.000000
0.127726 0.138723 0.275040 0.028501 0.000000 0.320000 0.415624 0.000000
0.902092 0.858099 0.643410 1.000000 0.000000 0.420042 0.500000 0.000000
0.148999 0.236585 0.213465 0.021823 0.105803 0.173333 0.000000 0.000000
0.919893 0.912859 0.312013 0.067287 0.364916 0.392852 0.000000 0.000000
0.191633 0.224079 0.226359 0.029689 0.000000 0.162312 0.000000 0.000000
0.108075 0.226617 0.270923 0.029880 1.000000 0.094509 0.000000 0.000000
0.342799 0.893494 0.306866 0.020672 0.000000 0.066667 0.000000 0.000000
0.910992 0.969942 0.308582 0.062635 1.000000 0.560000 0.500000 0.000000
0.863520 0.903177 0.234379 0.022036 0.128542 0.278102 0.000000 0.000000
0.063818 0.066015 0.266822 0.021994 1.000000 0.400000 0.500000 0.000000
0.127726 0.147408 0.262722 0.012471 0.745758 0.433138 0.354891 0.000000
0.176499 0.259826 0.279141 0.018071 0.366613 0.133333 0.000821 0.000000
0.085180 0.091012 0.262722 0.003423 0.000000 0.198008 0.025940 0.000000
0.148999 0.159556 0.217565 -0.003845 0.411225 0.419405 0.347125 0.000000
0.107932 0.102578 0.262722 0.008885 1.000000 0.613333 0.000000 0.000000
0.209931 0.276816 0.262722 0.025821 1.000000 0.400000 1.000000 0.000000
0.130139 0.130914 0.270985 0.024366 1.000000 0.093333 0.000000 0.000000
0.063818 0.109807 0.258621 0.011079 1.000000 0.453333 0.300973 0.000000
0.106453 0.116660 0.262722 0.010086 0.680607 0.453333 0.500000 0.000000
0.106453 0.079470 0.258621 0.025360 0.740868 0.133333 0.006476 0.000000
0.000000 0.061567 0.205247 0.010362 0.849096 0.029898 0.000000 0.000000
0.085180 0.091873 0.254504 0.000470 1.000000 0.000000 0.000000 0.000000
0.000000 0.000000 0.217565 0.016160 1.000000 0.026667 0.000000 0.000000
0.091082 0.156514 0.240613 0.040771 1.000000 0.013333 0.000000 0.000000
0.085180 0.188522 0.235176 -0.002737 0.734447 0.013333 -0.029274 0.000000
0.063818 0.070556 0.242782 0.001351 0.843259 0.000000 -0.032741 0.000000
0.239337 0.305847 0.258621 0.045172 0.122119 0.213333 0.106381 0.000000
0.085180 0.102082 0.254986 0.016679 0.000000 0.493333 0.000000 0.000000
