-320.610000 -300.563531 -495.260000 -464.171991 1.000000 77.000000 2.000000 1.000000
-325.390000 -314.750360 -473.730000 -469.263140 0.000000 72.000000 2.000000 1.000000
-323.000000 -317.436056 -476.120000 -471.897667 1.000000 73.000000 3.000000 1.000000
-327.780000 -317.399670 -473.730000 -468.856388 1.000000 76.000000 2.000000 1.000000
-325.390000 -316.155785 -478.520000 -472.869783 0.000000 65.000000 2.000000 1.000000
-327.780000 -318.677553 -507.230000 -469.024194 1.000000 60.000000 2.000000 1.000000
-330.180000 -320.617478 -473.730000 -467.361854 1.000000 76.000000 2.000000 1.000000
-320.610000 -307.599586 -476.120000 -470.181633 1.000000 74.000000 2.000000 1.000000
-315.820000 -300.104765 -473.730000 -466.378634 1.000000 67.000000 2.000000 1.000000
-320.610000 -308.117898 -471.340000 -466.130570 1.000000 65.000000 2.000000 1.000000
-318.210000 -306.253038 -471.340000 -466.525046 1.000000 75.000000 2.000000 1.000000
-315.820000 -294.269862 -471.340000 -463.193427 0.000000 56.000000 2.000000 1.000000
-313.430000 -299.055202 -521.580000 -421.189410 1.000000 75.000000 2.000000 1.000000
-311.040000 -297.990100 -466.550000 -428.950367 0.000000 65.000000 2.000000 1.000000
-323.000000 -293.028782 -466.550000 -431.990651 1.000000 93.000000 2.000000 1.000000
-308.640000 -294.366142 -468.950000 -414.675667 1.000000 70.000000 2.000000 1.000000
-325.390000 -317.129578 -473.730000 -468.806977 1.000000 75.000000 2.000000 1.000000
-323.000000 -314.516760 -502.440000 -467.778628 1.000000 75.000000 2.000000 1.000000
-228.000000 -228.000000 -442.000000 -442.000000 1.000000 75.000000 2.000000 1.000000
-225.000000 -225.000000 -443.000000 -443.000000 1.000000 75.000000 2.000000 1.000000
-325.390000 -315.615420 -471.340000 -464.343167 1.000000 69.000000 2.000000 1.000000
-323.000000 -312.760277 -504.830000 -459.086955 0.000000 84.000000 2.000000 1.000000
-323.000000 -314.330725 -468.950000 -465.830717 0.000000 49.000000 2.000000 1.000000
-325.390000 -313.014236 -473.730000 -471.041961 1.000000 72.000000 2.000000 1.000000
-330.180000 -321.362038 -471.340000 -469.529725 1.000000 75.000000 3.000000 1.000000
-231.000000 -231.000000 -441.000000 -441.000000 1.000000 73.000000 1.000000 1.000000
-228.000000 -228.000000 -442.000000 -442.000000 1.000000 85.000000 2.000000 1.000000
-337.350000 -327.895087 -476.120000 -469.987765 1.000000 78.000000 2.000000 1.000000
-231.000000 -231.000000 -442.000000 -442.000000 1.000000 78.000000 2.000000 1.000000
-320.610000 -311.176557 -473.730000 -468.303550 1.000000 64.000000 2.000000 1.000000
-327.780000 -317.405374 -471.340000 -467.934722 1.000000 81.000000 2.000000 1.000000
-330.180000 -320.480874 -476.120000 -472.583075 1.000000 77.000000 2.000000 1.000000
-327.780000 -319.125368 -471.340000 -464.815111 1.000000 68.000000 2.000000 1.000000
-327.780000 -316.604515 -473.730000 -466.446346 0.000000 71.000000 2.000000 1.000000
-327.780000 -318.843422 -476.120000 -471.764889 1.000000 71.000000 2.000000 1.000000
-332.570000 -319.037414 -473.730000 -463.212086 0.000000 54.000000 2.000000 1.000000
-330.180000 -321.049438 -468.950000 -463.713374 1.000000 66.000000 2.000000 1.000000
-330.180000 -317.945606 -476.120000 -464.986114 1.000000 68.000000 2.000000 1.000000
-323.000000 -314.492149 -476.120000 -471.737103 1.000000 77.000000 2.000000 1.000000
-330.180000 -320.993889 -471.340000 -467.154167 1.000000 68.000000 2.000000 1.000000
-303.860000 -288.044477 -514.400000 -453.225470 0.000000 50.000000 2.000000 0.000000
-330.180000 -297.886952 -519.190000 -473.928698 1.000000 41.000000 1.000000 0.000000
-320.610000 -305.911907 -468.950000 -465.436702 0.000000 41.000000 2.000000 0.000000
-320.610000 -286.052186 -626.860000 -470.413137 1.000000 27.000000 2.000000 0.000000
-320.610000 -302.618281 -468.950000 -464.847756 0.000000 21.000000 1.000000 0.000000
-308.640000 -284.134625 -550.290000 -455.333908 0.000000 58.000000 1.000000 0.000000
-327.780000 -318.567095 -507.230000 -469.587189 1.000000 44.000000 1.000000 0.000000
-327.780000 -320.777162 -478.520000 -471.240785 0.000000 38.000000 1.000000 0.000000
-323.000000 -314.486707 -468.950000 -465.559830 0.000000 23.000000 1.000000 0.000000
-325.390000 -317.351689 -471.340000 -467.391842 0.000000 39.000000 1.000000 0.000000
-325.390000 -316.751749 -466.550000 -458.426998 0.000000 53.000000 3.000000 0.000000
-323.000000 -314.895896 -492.870000 -467.858722 0.000000 55.000000 3.000000 0.000000
-323.000000 -314.284076 -466.550000 -462.141488 0.000000 42.000000 2.000000 0.000000
-236.000000 -236.000000 -44.000000 -44.000000 0.000000 42.000000 2.000000 0.000000
-320.610000 -303.846226 -502.440000 -464.546364 1.000000 31.000000 1.000000 0.000000
-234.000000 -234.000000 -445.000000 -445.000000 0.000000 26.000000 1.000000 0.000000
-315.820000 -305.137844 -466.550000 -461.164758 0.000000 27.000000 1.000000 0.000000
-315.820000 -304.875742 -468.950000 -461.082446 1.000000 29.000000 1.000000 0.000000
-236.000000 -236.000000 -448.000000 -448.000000 0.000000 23.000000 1.000000 0.000000
-235.000000 -235.000000 -447.000000 -447.000000 1.000000 60.000000 2.000000 0.000000
-235.000000 -235.000000 -446.000000 -446.000000 0.000000 43.000000 1.000000 0.000000
-330.180000 -321.462895 -471.340000 -464.472822 1.000000 48.000000 2.000000 0.000000
-323.000000 -313.056537 -473.730000 -468.567220 1.000000 27.000000 1.000000 0.000000
-318.210000 -301.445923 -464.160000 -410.067071 1.000000 28.000000 3.000000 0.000000
-327.780000 -318.881199 -473.730000 -470.944343 0.000000 63.000000 3.000000 0.000000
-320.610000 -311.801929 -500.050000 -468.002742 1.000000 46.000000 3.000000 0.000000
-327.780000 -317.686611 -473.730000 -467.977492 1.000000 64.000000 1.000000 0.000000
-337.350000 -325.657950 -473.730000 -463.640402 1.000000 48.000000 3.000000 0.000000
-323.000000 -314.760068 -473.730000 -469.276551 1.000000 25.000000 1.000000 0.000000
-330.180000 -319.400502 -476.120000 -469.165577 1.000000 52.000000 3.000000 0.000000
-325.390000 -316.232201 -473.730000 -469.592353 1.000000 52.000000 2.000000 0.000000
-325.390000 -320.073238 -476.120000 -463.025870 1.000000 28.000000 3.000000 0.000000
-337.350000 -321.922249 -507.230000 -464.467981 1.000000 52.000000 1.000000 0.000000
-327.780000 -318.792207 -478.520000 -473.726817 1.000000 18.000000 1.000000 0.000000
-337.350000 -328.280985 -500.050000 -466.980967 1.000000 20.000000 1.000000 0.000000
-323.000000 -312.116093 -468.950000 -456.399934 1.000000 19.000000 1.000000 0.000000
-327.780000 -318.896038 -500.050000 -467.433353 1.000000 19.000000 1.000000 0.000000
-330.180000 -320.993920 -466.550000 -459.626798 1.000000 18.000000 1.000000 0.000000
-330.180000 -321.385859 -476.120000 -471.578196 1.000000 34.000000 1.000000 0.000000
-327.780000 -317.737838 -473.730000 -466.758064 0.000000 55.000000 1.000000 0.000000
