0.355710 0.519828 0.229193 0.250879 0.307452 0.025163 1.000000
0.121221 0.266237 0.098622 0.151865 0.476718 0.036359 1.000000
0.305349 0.513934 0.322982 0.212525 0.491227 0.017528 1.000000
0.416184 0.557342 0.271255 0.289376 0.341865 0.051839 1.000000
0.247301 0.289389 0.247887 0.246992 0.527329 0.044181 1.000000
0.098506 0.316923 0.099517 0.126650 0.512215 0.030936 1.000000
0.263117 0.422013 0.287820 0.223950 0.542962 0.057660 1.000000
0.115032 0.309218 0.134598 0.133432 0.515356 0.000885 1.000000
0.170139 0.381715 0.256757 0.192094 0.570913 0.056681 1.000000
0.101659 0.206502 0.156627 0.202131 0.152274 0.078117 1.000000
0.227238 0.315350 0.155092 0.197614 0.414776 0.046413 1.000000
0.048997 0.433548 0.013424 0.001388 0.537477 0.026909 1.000000
0.219618 0.473562 0.235010 0.160606 0.566924 0.048625 1.000000
0.264468 0.482494 0.170933 0.161497 0.559438 0.042132 1.000000
0.300444 0.549125 0.271989 0.174454 0.502527 0.039176 1.000000
0.175251 0.345064 0.192037 0.192581 0.526554 0.038361 1.000000
0.363426 0.491494 0.361823 0.278549 0.454135 0.088769 1.000000
0.107895 0.173098 0.166100 0.136591 0.633724 0.034171 1.000000
0.121046 0.357092 0.149688 0.109939 0.570814 0.029074 1.000000
0.150270 0.352819 0.144263 0.149084 0.500161 0.035482 1.000000
0.171393 0.370311 0.213263 0.151490 0.569583 0.040759 1.000000
0.277488 0.389697 0.252372 0.224064 0.592859 0.059539 1.000000
0.356096 0.553055 0.357974 0.234037 0.548918 0.062477 1.000000
0.149515 0.350482 0.145874 0.176754 0.515109 0.014129 1.000000
0.115364 0.523580 0.134240 0.000000 0.489300 0.018203 1.000000
0.269772 0.593069 0.190890 0.130483 0.552425 0.029399 1.000000
0.000000 0.304495 0.000000 0.018693 0.592752 0.002258 1.000000
0.168113 0.411933 0.295328 0.126781 0.570693 0.041556 1.000000
0.177469 0.508753 0.195900 0.129797 0.529579 0.031913 1.000000
0.392843 0.561629 0.315733 0.264853 0.466717 0.094654 1.000000
0.246752 0.392104 0.255325 0.204053 0.452844 0.051047 1.000000
0.195216 0.314934 0.162341 0.203035 0.308528 0.052300 1.000000
0.144337 0.428546 0.123322 0.138685 0.515109 0.038710 1.000000
0.172819 0.349053 0.190576 0.113918 0.589633 0.023368 1.000000
0.322627 0.688639 0.291391 0.131686 0.578477 0.128812 1.000000
0.051408 0.256877 0.091999 0.123395 0.470481 0.035964 1.000000
0.179036 0.241872 0.196886 0.196706 0.514817 0.040666 1.000000
0.092110 0.464273 0.059961 0.026744 0.579475 0.025140 1.000000
0.286362 0.477774 0.301503 0.126134 0.572427 0.079987 1.000000
0.253376 0.456592 0.195722 0.185453 0.499839 0.043338 1.000000
0.090085 0.330200 0.014229 0.096428 0.516421 0.030468 1.000000
0.195698 0.267060 0.134598 0.228392 0.488225 0.030517 1.000000
0.267168 0.460522 0.168069 0.196650 0.554791 0.038152 1.000000
0.387153 0.587353 0.385356 0.246067 0.549952 0.120289 1.000000
0.330879 0.408181 0.303744 0.243939 0.472524 0.068302 1.000000
0.238812 0.528224 0.295328 0.170602 0.509087 0.019856 1.000000
0.414007 0.514112 0.369383 0.264376 0.508657 0.080014 1.000000
0.146605 0.413183 0.149544 0.105589 0.464459 0.015270 1.000000
0.138985 0.323596 0.178987 0.164180 0.548123 0.022160 1.000000
0.088771 0.257510 0.053965 0.122217 0.519196 0.030540 1.000000
0.181100 0.307961 0.178987 0.195139 0.492526 0.034032 1.000000
0.465664 0.859414 0.398090 0.180548 0.407248 0.037384 1.000000
0.232060 0.648624 0.197781 0.065519 0.625981 0.039106 1.000000
0.101177 0.329939 0.115672 0.044975 0.458114 0.052421 1.000000
0.144869 0.426402 0.174244 0.096983 0.497903 0.003468 1.000000
0.207465 0.361880 0.218903 0.211676 0.509207 0.065416 1.000000
0.165895 0.250447 0.125917 0.208310 0.459189 0.039129 1.000000
0.199749 0.391211 0.214784 0.180386 0.496505 0.041244 1.000000
0.164448 0.468203 0.171092 0.094114 0.558520 0.018948 1.000000
0.211806 0.383708 0.226386 0.183324 0.527234 0.044250 1.000000
0.465181 0.689532 0.579649 0.267907 0.790192 0.233282 1.000000
0.612751 0.630497 0.618668 0.403572 0.567578 0.239967 1.000000
0.341854 0.522993 0.340075 0.201092 0.609646 0.093506 1.000000
0.497106 0.498928 0.451316 0.397372 0.472819 0.088431 1.000000
0.482253 0.508932 0.617147 0.377938 0.579095 0.168490 1.000000
0.469148 0.854591 0.429569 0.270961 0.591280 0.087640 1.000000
0.504823 0.529570 0.411670 0.322505 0.521024 0.089479 1.000000
0.477431 0.462487 0.508419 0.397372 0.470744 0.187640 1.000000
0.442998 0.436103 0.331126 0.367944 0.474567 0.028096 1.000000
0.294359 0.112362 0.335600 0.420970 0.343693 0.091061 1.000000
0.335247 0.427653 0.290623 0.240786 0.484421 0.063509 1.000000
0.585938 0.705252 0.302398 0.375717 0.699000 0.262523 1.000000
0.567323 0.706860 0.419366 0.357024 0.597699 0.198766 1.000000
0.366278 0.439306 0.373255 0.294959 0.565330 0.106169 1.000000
0.611611 0.747366 0.689100 0.316069 0.727605 0.157961 1.000000
0.425058 0.685103 0.484339 0.274676 0.612389 0.364153 1.000000
0.584491 0.760807 0.541587 0.307444 0.520790 0.206243 1.000000
0.351046 0.254019 0.352067 0.355446 0.305624 0.145810 1.000000
0.397955 0.481416 0.428110 0.338701 0.510913 0.102933 1.000000
0.208237 0.332976 0.225020 0.206274 0.504570 0.044829 1.000000
0.491512 0.661308 0.496510 0.307885 0.555432 0.190456 1.000000
0.461613 0.494284 0.388223 0.303789 0.539090 0.199302 1.000000
0.602527 0.636656 0.569741 0.427170 0.555759 0.146345 1.000000
0.529996 0.559843 0.571774 0.315384 0.879234 0.225365 1.000000
0.483989 0.874419 0.386612 0.180150 0.562942 0.193709 1.000000
0.186053 0.294034 0.277430 0.205164 1.000000 0.073045 1.000000
0.324460 0.436406 0.404600 0.264113 0.529519 0.077235 1.000000
0.180941 0.299571 0.274118 0.198836 0.645231 0.031733 1.000000
0.293789 0.417113 0.250582 0.244679 0.615227 0.058391 1.000000
0.386543 0.420318 0.392642 0.313900 0.483003 0.089246 1.000000
0.535397 0.639368 0.507443 0.318795 0.480589 0.161062 1.000000
0.452762 0.471718 0.437265 0.338625 0.502755 0.101443 1.000000
0.504912 0.399964 0.516109 0.379617 0.584364 0.202700 1.000000
0.308160 0.382101 0.587525 0.276606 0.467900 0.142691 1.000000
0.656057 0.462500 0.480669 0.605404 0.481880 0.149721 1.000000
0.302566 0.718114 0.330320 0.164082 0.573203 0.371997 1.000000
0.680073 0.464630 0.682030 0.429123 0.544037 0.174907 1.000000
0.456572 0.469989 0.462671 0.384879 0.422411 0.103282 1.000000
0.496817 0.517685 0.714963 0.396647 0.490725 0.168226 1.000000
0.312211 0.365666 0.245839 0.250043 0.531544 0.056107 1.000000
0.563657 0.503620 0.460712 0.378031 0.407893 0.138533 1.000000
0.492079 0.452304 0.441292 0.442254 0.470620 0.115456 1.000000
0.426794 0.405334 0.422409 0.403109 0.346919 0.085196 1.000000
0.379423 0.500561 0.359458 0.277161 0.438542 0.090613 1.000000
0.494406 0.642194 0.508396 0.320563 0.547915 0.243529 1.000000
0.374807 0.610039 0.330678 0.198433 0.502259 0.107830 1.000000
0.374807 0.292783 0.391444 0.386915 0.265190 0.141434 1.000000
0.504244 0.714184 0.557365 0.292708 0.736316 0.235152 1.000000
0.357060 0.444844 0.438518 0.402277 0.436176 0.124930 1.000000
0.409529 0.512980 0.463440 0.371645 0.573718 0.117691 1.000000
0.364101 0.361915 0.430643 0.334691 0.462497 0.084940 1.000000
0.567612 0.645945 0.620637 0.388858 0.611141 0.212069 1.000000
0.153067 0.332075 0.148900 0.183269 0.446392 0.050281 1.000000
0.404175 0.461415 0.410478 0.343420 0.284009 0.107361 1.000000
0.528935 0.779107 0.652944 0.284749 0.763631 0.225628 1.000000
0.990695 0.961949 0.996794 1.000000 0.404452 1.000000 1.000000
0.545248 0.571588 0.551346 0.412919 0.474352 0.158194 1.000000
0.577643 0.809218 0.303114 0.206858 0.548693 0.170042 1.000000
0.331622 0.548589 0.284410 0.259208 0.713625 0.063873 1.000000
0.333719 0.412443 0.261321 0.292708 0.462093 0.099511 1.000000
0.275752 0.385657 0.241632 0.270961 0.511453 0.059124 1.000000
0.556809 0.529296 0.654555 0.438923 0.487821 0.186036 1.000000
0.520062 0.975706 0.343655 0.172497 0.436929 0.183403 1.000000
0.381173 0.305288 0.380258 0.386359 0.420260 0.091221 1.000000
0.484923 0.412157 0.491022 0.435221 0.398968 0.111918 1.000000
0.242243 0.218650 0.255656 0.268369 0.272718 0.088369 1.000000
0.429495 0.504645 0.404331 0.285051 0.354124 0.094886 1.000000
0.523534 0.420686 0.470199 0.463261 0.498548 0.160242 1.000000
0.626419 0.622008 0.632518 0.452249 0.485432 0.173472 1.000000
0.492766 0.416041 0.320208 0.436147 0.436714 0.100132 1.000000
0.230710 0.279921 0.240859 0.255229 0.318636 0.069018 1.000000
0.420814 0.363165 0.393771 0.314515 0.525325 0.079186 1.000000
0.419367 0.494284 0.346966 0.264500 0.479994 0.090401 1.000000
0.536265 0.476420 0.506175 0.356754 0.530702 0.154958 1.000000
0.251254 0.424437 0.573564 0.200074 0.719325 0.117996 1.000000
0.491609 0.659164 0.568105 0.303549 0.435853 0.156714 1.000000
0.578807 0.828689 0.606497 0.322136 0.500269 0.157891 1.000000
0.552180 0.572704 0.576517 0.330557 0.434348 0.141364 1.000000
0.442708 0.546678 0.470097 0.309427 0.398860 0.112209 1.000000
0.568576 0.493391 0.695633 0.468814 0.474155 0.185981 1.000000
0.483384 0.392104 0.540899 0.389269 0.376277 0.094879 1.000000
0.611015 0.990532 0.519062 0.251990 0.662591 0.301234 1.000000
0.570409 0.574621 0.776266 0.496391 0.510433 0.222245 1.000000
0.434295 0.484995 0.452300 0.270858 0.507044 0.088991 1.000000
0.381974 0.484497 0.381650 0.299463 0.376922 0.097724 1.000000
0.554432 0.879600 0.579470 0.273737 0.632706 0.125582 1.000000
0.573206 0.661129 0.574817 0.330801 0.481665 0.181208 1.000000
0.235905 0.049839 0.375873 0.354530 0.428433 0.099697 1.000000
0.382041 0.292605 0.329515 0.338416 0.478105 0.079332 1.000000
0.449074 0.414251 0.455173 0.388025 0.448383 0.111196 1.000000
0.446267 0.486602 0.417845 0.310611 0.257447 0.120042 1.000000
0.211034 0.187924 0.396814 0.284009 0.594365 0.054037 1.000000
0.359279 0.369239 0.374169 0.332408 0.449941 0.099721 1.000000
0.402270 0.387638 0.447467 0.266241 0.501774 0.096369 1.000000
0.145062 0.220436 0.163270 0.193371 0.357780 0.061650 1.000000
0.392072 0.376920 0.419722 0.359800 0.133133 0.122789 1.000000
0.514371 0.594498 0.506980 0.364335 0.512021 0.167406 1.000000
0.174286 0.374072 0.287364 0.271516 0.414561 0.125396 1.000000
0.304305 0.123258 0.315017 0.400888 0.354554 0.147183 1.000000
0.367670 0.385890 0.489529 0.355358 0.270674 0.103608 1.000000
0.635417 0.749196 0.567568 0.400333 0.490805 0.206815 1.000000
0.396508 0.336608 0.451080 0.432167 0.298097 0.123836 1.000000
0.887249 0.803859 0.815239 0.613826 0.546900 0.198091 1.000000
0.865837 0.787245 0.562019 0.392095 0.572382 0.214758 1.000000
0.271599 0.283315 0.260426 0.260694 0.509795 0.084125 1.000000
0.574416 0.670755 0.564793 0.335023 0.585873 0.187011 1.000000
0.410134 0.426882 0.416233 0.340089 0.429078 0.111429 1.000000
0.445505 0.331300 0.410507 0.393763 0.000000 0.122533 1.000000
0.667728 0.560379 0.726329 0.529243 0.206796 0.159963 1.000000
0.193749 0.136656 0.214784 0.275588 0.303151 0.081401 1.000000
0.372878 0.387996 0.401289 0.335647 0.495307 0.075582 1.000000
0.503954 0.367810 0.587883 0.471867 0.372621 0.133702 1.000000
0.294367 0.357449 0.266422 0.264262 0.253898 0.074884 1.000000
0.238040 0.278850 0.378557 0.262724 0.546656 0.079376 1.000000
0.456819 0.570382 0.446035 0.273708 0.358318 0.076583 1.000000
0.293306 0.277063 0.297575 0.316768 0.308635 0.085170 1.000000
0.453336 0.354234 0.466708 0.373681 0.329498 0.104865 1.000000
0.527296 0.460700 0.426347 0.346381 0.208517 0.117611 1.000000
0.525656 0.571328 0.419724 0.325969 0.537907 0.147882 1.000000
0.410590 0.704845 0.483802 0.054784 0.590816 0.153049 1.000000
0.113329 0.298267 0.095848 0.185545 0.943865 0.103980 1.000000
0.450633 0.389068 0.479953 0.333426 0.509842 0.098673 1.000000
0.639505 0.680422 0.676571 0.360737 0.511239 0.153701 1.000000
0.432581 0.787245 0.467248 0.187761 0.592322 0.195745 1.000000
0.529610 0.488567 0.696080 0.433926 0.595225 0.114618 1.000000
0.480099 0.554841 0.435475 0.289866 0.507904 0.148231 1.000000
0.529803 0.496785 0.579649 0.429946 0.214969 0.140177 1.000000
0.330536 0.211147 0.409970 0.349544 0.418862 0.096206 1.000000
0.574171 0.807431 0.614641 0.311494 0.597012 0.169972 1.000000
0.542631 0.593759 0.564256 0.367944 0.562086 0.171858 1.000000
0.287530 0.292247 0.340075 0.190080 0.197333 0.120903 1.000000
0.581790 0.836906 0.421872 0.303535 0.293795 0.155517 1.000000
0.466049 0.711504 0.511570 0.257450 0.605125 0.316667 1.000000
0.425347 0.301715 0.387950 0.346908 0.528659 0.101792 1.000000
0.448399 0.510658 0.483265 0.373311 0.504140 0.084823 1.000000
0.471508 0.211147 0.644353 0.486767 0.396616 0.114804 1.000000
0.362847 0.337828 0.405174 0.348325 0.212281 0.156099 1.000000
0.315201 0.788317 0.425074 0.072922 0.653333 0.298813 1.000000
0.469714 0.516012 0.435744 0.326129 0.485321 0.102956 1.000000
0.474055 0.414791 0.423304 0.418841 0.524788 0.099255 1.000000
0.358893 0.474634 0.370482 0.243047 0.655124 0.113175 1.000000
0.627600 0.932116 0.736352 0.193133 0.764693 0.231285 1.000000
0.601795 0.866024 0.709504 0.194429 0.694704 0.261359 1.000000
0.448880 0.290461 0.438518 0.467796 0.308098 0.088547 1.000000
0.293113 0.373884 0.277340 0.266426 0.340252 0.085731 1.000000
0.520448 0.723294 0.636299 0.303535 0.596946 0.259195 1.000000
0.502977 0.630462 0.402721 0.329076 0.645545 0.205633 1.000000
0.462384 0.573565 0.555128 0.387748 0.559730 0.196578 1.000000
0.593461 0.555077 0.714337 0.499167 0.501603 0.213762 1.000000
0.213252 0.410325 0.199666 0.170924 0.266695 0.091713 1.000000
0.119213 0.313803 0.188921 0.156608 0.618884 0.044344 0.000000
0.302809 0.455877 0.336495 0.208958 0.599742 0.074500 0.000000
0.197810 0.276885 0.294434 0.233145 0.635982 0.037360 0.000000
0.305042 0.428725 0.323166 0.236983 0.633401 0.023627 0.000000
0.242298 0.428932 0.255772 0.200537 0.584583 0.061370 0.000000
0.044271 0.288211 0.178958 0.037202 0.777826 0.021066 0.000000
0.132104 0.236334 0.151244 0.163724 0.516531 0.023277 0.000000
0.115548 0.234191 0.143400 0.176093 0.502588 0.040503 0.000000
0.245660 0.402287 0.274998 0.206274 0.637811 0.041495 0.000000
0.368056 0.587353 0.330768 0.227744 0.388214 0.033007 0.000000
0.176890 0.506252 0.156345 0.113647 0.572178 0.039885 0.000000
0.277778 0.382147 0.349025 0.330557 0.526335 0.024278 0.000000
0.288870 0.439320 0.340995 0.274200 0.496290 0.098301 0.000000
0.417149 0.454627 0.554591 0.342407 0.449065 0.110645 0.000000
0.614198 0.521436 0.575806 0.498149 0.421263 0.032821 0.000000
0.323881 0.254912 0.369966 0.357487 0.592429 0.033287 0.000000
0.320353 0.403894 0.439592 0.319545 0.777288 0.040410 0.000000
0.341339 0.468560 0.348040 0.263650 0.522744 0.036965 0.000000
0.114776 0.344704 0.109540 0.151490 0.567215 0.034800 0.000000
0.166763 0.297428 0.197154 0.184805 0.724379 0.018305 0.000000
0.380594 0.530368 0.304481 0.229271 0.472071 0.016248 0.000000
0.349369 0.476124 0.347834 0.255414 0.517367 0.076906 0.000000
0.163677 0.363880 0.235815 0.147418 0.628455 0.028003 0.000000
0.140143 0.280457 0.152318 0.150407 0.552358 0.019902 0.000000
0.111690 0.284745 0.250582 0.184602 0.558130 0.057588 0.000000
0.364390 0.473741 0.234294 0.207052 0.462308 0.000000 0.000000
0.344039 0.359950 0.447467 0.298962 0.555974 0.028771 0.000000
0.347126 0.366381 0.393771 0.322136 0.679643 0.037291 0.000000
0.327135 0.354412 0.372024 0.391819 0.607915 0.050954 0.000000
0.256620 0.464273 0.264722 0.218675 0.548705 0.051058 0.000000
0.256780 0.340826 0.253444 0.238910 0.499839 0.011662 0.000000
0.244792 0.391388 0.293736 0.228021 0.609098 0.062611 0.000000
0.102427 0.215970 0.115715 0.186748 0.661361 0.023976 0.000000
0.081983 0.251161 0.126580 0.127429 0.579740 0.017354 0.000000
0.331991 0.605395 0.316608 0.206552 0.477793 0.043063 0.000000
0.208912 0.307967 0.357974 0.219785 0.594795 0.040505 0.000000
0.197627 0.400143 0.232683 0.161114 0.569826 0.046834 0.000000
0.228395 0.416041 0.125291 0.182491 0.560780 0.038030 0.000000
0.204186 0.270096 0.193934 0.195273 0.543069 0.029539 0.000000
0.237269 0.478564 0.249061 0.167816 0.561996 0.044586 0.000000
0.096547 0.310360 0.175676 0.218397 0.708248 0.027686 0.000000
0.174142 0.149875 0.198540 0.236350 0.414321 0.064668 0.000000
0.221617 0.012504 0.393771 0.327503 0.554146 0.017924 0.000000
0.363040 0.516862 0.465366 0.269110 0.531993 0.054562 0.000000
0.451485 0.466774 0.420709 0.370257 0.474065 0.027630 0.000000
0.399209 0.378885 0.392465 0.335042 0.457746 0.086196 0.000000
0.275849 0.291175 0.304278 0.292708 0.569524 0.052065 0.000000
0.231578 0.328120 0.250582 0.367944 0.663727 0.006448 0.000000
0.188513 0.299035 0.214516 0.155284 0.622970 0.026816 0.000000
0.361400 0.425776 0.358886 0.308255 0.505538 0.024907 0.000000
0.270925 0.330297 0.276352 0.266889 0.560598 0.026094 0.000000
0.385175 0.383530 0.355558 0.431982 0.494956 0.029446 0.000000
0.157890 0.373884 0.101307 0.120788 0.565544 0.028919 0.000000
0.073688 0.182744 0.102917 0.154914 0.518675 0.021601 0.000000
0.273438 0.238835 0.295328 0.317509 0.448543 0.015480 0.000000
0.212384 0.288317 0.251345 0.233296 0.704807 0.038222 0.000000
0.195023 0.299571 0.256846 0.210901 0.550274 0.037025 0.000000
0.262487 0.335583 0.295239 0.244406 0.570061 0.030074 0.000000
0.288246 0.411576 0.258099 0.252545 0.470266 0.057120 0.000000
0.105999 0.281110 0.089493 0.124138 0.590709 0.042900 0.000000
0.242670 0.275634 0.384822 0.249333 0.606409 0.020764 0.000000
0.157890 0.396129 0.250582 0.116602 0.543607 0.044088 0.000000
0.127411 0.242229 0.205835 0.175643 0.513389 0.030168 0.000000
0.100754 0.136835 0.263648 0.224592 0.611248 0.021951 0.000000
0.164352 0.329861 0.185219 0.155107 0.574148 0.029795 0.000000
0.396798 0.429118 0.331126 0.344253 0.509677 0.037291 0.000000
0.188260 0.360486 0.172364 0.225060 0.658458 0.020014 0.000000
0.382041 0.352983 0.268480 0.281687 0.504607 0.021136 0.000000
0.137539 0.314762 0.151960 0.262539 0.529734 0.011383 0.000000
0.218461 0.438907 0.269504 0.161114 0.742768 0.050047 0.000000
0.230903 0.356913 0.183104 0.186826 0.527476 0.032938 0.000000
0.344363 0.365373 0.350461 0.336757 0.487257 0.039595 0.000000
0.297691 0.362646 0.280596 0.270577 0.471341 0.032123 0.000000
0.220390 0.399678 0.338912 0.227766 0.605657 0.070948 0.000000
0.283150 0.358823 0.261321 0.289006 0.548874 0.061011 0.000000
0.401717 0.443527 0.261858 0.277133 0.504125 0.091428 0.000000
0.343171 0.422651 0.294434 0.289191 0.546725 0.032938 0.000000
0.066454 0.248051 0.045373 0.102559 0.541026 0.022331 0.000000
0.467014 0.465863 0.399320 0.335484 0.380041 0.103100 0.000000
0.239814 0.370132 0.293839 0.217581 0.662867 0.017365 0.000000
0.255719 0.338701 0.278747 0.224872 0.602215 0.026164 0.000000
0.240451 0.370847 0.233216 0.217472 0.491666 0.041830 0.000000
0.108538 0.163987 0.220754 0.225900 0.613614 0.053299 0.000000
0.211795 0.216863 0.371398 0.277161 0.720830 0.071951 0.000000
0.187599 0.296713 0.238160 0.210994 0.623508 0.013873 0.000000
0.195602 0.235263 0.305173 0.239721 0.538187 0.031448 0.000000
0.130305 0.406574 0.202882 0.093282 0.665018 0.014176 0.000000
0.163098 0.452126 0.176929 0.124468 0.567410 0.033031 0.000000
0.389275 0.400295 0.158672 0.232601 0.533560 0.029283 0.000000
0.547454 0.494978 0.396009 0.366833 0.505864 0.039898 0.000000
0.174498 0.232404 0.187936 0.200389 0.500161 0.048860 0.000000
0.606289 0.582887 0.515985 0.320784 0.445209 0.039851 0.000000
0.274402 0.500893 0.137462 0.182676 0.518981 0.022323 0.000000
0.079379 0.328611 0.164578 0.175366 0.559970 0.017900 0.000000
0.182581 0.336906 0.273671 0.179530 0.836757 0.060209 0.000000
0.204748 0.360307 0.206770 0.193596 0.509410 0.015852 0.000000
0.268036 0.487138 0.136209 0.183694 0.476288 0.042783 0.000000
0.340471 0.417786 0.333419 0.234870 0.597806 0.019437 0.000000
0.228020 0.381859 0.246823 0.214603 0.572286 0.026234 0.000000
0.074171 0.333747 0.202613 0.142513 0.579310 0.027959 0.000000
0.141381 0.207574 0.202613 0.142513 0.543589 0.025279 0.000000
