0.466667 0.272727 0.466667 0.000000 0.601297 0.050467 0.052998 0.070354 0.034691 0.014887 0.000000
0.466667 0.363636 0.369970 0.077381 0.580227 0.073914 0.049082 0.080000 0.042232 0.013245 0.000000
0.266667 0.840909 0.733333 0.779762 0.302598 0.033645 0.003317 0.024000 0.018339 0.003311 0.000000
0.456938 0.801646 0.133333 0.061952 0.319837 0.011215 0.000000 -0.041923 0.013155 0.000000 0.000000
0.333333 0.553130 0.451043 0.000000 0.586710 0.078766 0.053826 0.096000 0.042232 0.012595 0.000000
0.600000 0.511859 0.276556 0.000000 0.875203 0.095327 0.090241 0.209929 0.088989 0.055741 1.000000
0.733333 0.408155 0.133333 -0.004206 0.965964 0.157347 0.110539 0.512000 0.147813 0.238411 1.000000
0.533333 0.636364 0.266667 0.000000 0.940032 0.190407 0.213217 0.357395 0.187029 0.235099 1.000000
0.200000 0.644750 0.572212 0.011905 0.393841 0.134579 0.063884 0.059478 0.141780 0.009934 0.000000
0.400000 0.625646 0.659340 0.365176 0.497617 0.164486 0.184543 0.031284 0.157588 0.029801 0.000000
0.600000 0.515639 0.341649 0.000000 0.905997 0.220561 0.222014 0.320000 0.221719 0.185430 1.000000
0.731576 0.818182 0.533333 0.000000 0.897893 0.320309 0.255269 0.384000 0.250377 0.248555 1.000000
0.333333 0.886364 0.666667 0.071429 0.431445 0.112150 0.047307 0.097813 0.084465 0.015359 0.000000
0.533333 0.671126 0.600000 0.029762 0.492707 0.072897 0.063495 0.080000 0.076399 0.013245 0.000000
0.400000 0.795455 0.400000 0.184524 0.332188 0.042991 0.002342 0.032000 0.028658 0.003311 0.000000
0.466667 1.000000 0.133333 0.041667 0.121556 0.018692 0.003279 -0.034682 0.016591 0.000000 0.000000
0.533333 1.000000 0.333333 0.035714 0.141005 0.007477 -0.004116 -0.015332 0.007541 0.000000 0.000000
0.491536 0.665033 0.385105 0.017857 0.458671 0.022430 0.005152 0.056000 0.019608 -0.001165 0.000000
0.699614 0.227273 0.333333 0.005952 0.831442 0.071028 0.042623 0.200000 0.063348 0.046358 0.000000
0.533333 0.568608 0.477472 0.023810 0.505673 0.081522 0.094614 0.072000 0.068049 0.013245 0.000000
0.801440 0.750000 0.200000 0.039764 0.849271 0.104673 0.115691 0.208000 0.088072 0.057668 1.000000
0.600000 0.500000 0.400000 0.024925 0.818476 0.117757 0.111018 0.192000 0.129713 0.063325 0.000000
0.702736 0.386364 0.466667 0.005952 0.855754 0.140187 0.179110 0.264000 0.156863 0.109824 1.000000
0.666667 0.477273 0.400000 0.008100 0.928687 0.196262 0.229040 0.448000 0.208145 0.216879 1.000000
0.600000 0.518607 0.266667 0.000000 0.879370 0.279619 0.266511 0.456000 0.259427 0.278146 1.000000
0.600000 0.431818 0.466667 0.000000 0.943274 0.319626 0.303981 0.536000 0.309201 0.350993 1.000000
0.865729 0.181818 0.466667 0.004087 0.982557 0.390654 0.489397 0.736000 0.372549 0.519891 1.000000
0.666667 0.227273 0.200000 -0.018977 0.980551 0.463551 0.517723 0.608000 0.483143 0.505570 1.000000
0.666667 0.528610 0.133333 0.017857 0.831442 0.330841 0.362998 0.176000 0.342383 0.210480 0.000000
0.733333 0.447505 0.200000 0.000000 0.930295 0.365040 0.402342 0.522912 0.410256 0.427152 1.000000
0.532864 0.682068 0.533333 0.412136 0.507293 0.033645 0.007963 0.088000 0.040926 0.013245 0.000000
0.333333 0.681818 0.533333 0.071429 0.439222 0.031776 0.006557 0.064000 0.019233 0.009934 0.000000
0.542756 0.704545 0.600000 0.041667 0.559157 0.035514 0.010773 0.104000 0.028658 0.016556 0.000000
0.733333 0.535451 0.259229 0.032134 0.819734 0.094612 0.054333 0.216000 0.069382 0.056291 0.000000
0.733333 0.477273 0.200000 0.000000 0.928687 0.131254 0.098361 0.313287 0.120664 0.162252 1.000000
0.759726 0.409091 0.233341 0.000000 0.946515 0.190654 0.220975 0.448000 0.203481 0.225166 1.000000
0.866667 0.431818 0.466667 0.011905 0.833063 0.178019 0.156909 0.255614 0.165913 0.105960 0.000000
0.735506 0.522727 0.296888 0.002629 0.923825 0.220561 0.238220 0.480000 0.215686 0.264901 1.000000
0.666667 0.522727 0.427314 0.083333 0.615883 0.130841 0.010773 0.088000 0.095023 0.005927 0.000000
0.720327 0.545455 0.133333 0.041667 0.766970 0.099065 0.011241 0.124598 0.070890 0.030368 0.000000
0.733333 0.704545 0.200000 0.000000 0.892021 0.138318 0.081391 0.208000 0.105581 0.068197 0.000000
0.600000 0.681818 0.133333 0.005952 0.785962 0.134579 0.097424 0.120000 0.122172 0.029801 0.000000
0.652298 0.818182 0.535045 0.029854 0.764503 0.164212 0.141920 0.240000 0.159879 0.112583 0.000000
0.800000 0.363636 0.133333 0.035714 0.734198 0.132710 0.074941 0.112000 0.068974 0.035981 0.000000
0.555442 0.690909 0.533333 0.023810 0.554729 0.081302 0.047307 0.115612 0.072398 0.016556 0.000000
0.400000 0.725329 0.666667 0.892936 0.462477 0.117757 0.087119 0.056000 0.104396 -0.028862 0.000000
0.696804 0.479469 0.259101 0.000000 0.878444 0.153415 0.127400 0.256000 0.150830 0.104541 1.000000
0.766921 0.522727 0.331035 0.000000 0.920583 0.213084 0.242186 0.368000 0.224632 0.217618 1.000000
0.866667 0.318182 0.400000 0.000000 0.966774 0.211215 0.214988 0.616000 0.257919 0.280669 1.000000
0.733333 0.454545 0.266667 0.005952 0.848944 0.216822 0.258548 0.224000 0.232278 0.132450 1.000000
0.733333 0.607334 0.400000 0.007219 0.920583 0.332710 0.302576 0.374176 0.331656 0.287786 1.000000
0.400000 0.772727 0.466667 0.005952 0.726094 0.293458 0.341920 0.144000 0.310709 0.092715 0.000000
0.333333 0.477273 0.733333 0.023810 0.641815 0.323165 0.301639 0.074269 0.215686 0.069536 0.000000
0.400000 0.750000 0.333333 0.154072 0.487603 0.052254 0.027314 0.112000 0.039180 0.043046 0.000000
0.600000 0.478125 0.304648 0.001029 0.902755 0.279114 0.302159 0.289304 0.262443 0.219164 1.000000
0.863990 0.181818 0.312008 0.000000 0.982172 0.378789 0.429508 0.800000 0.343891 0.506622 1.000000
0.933333 0.068182 0.133333 0.000000 1.000000 0.390291 0.475878 0.696000 0.426848 0.506622 1.000000
0.733333 0.704545 0.266667 0.016853 0.895720 0.442991 0.519438 0.448000 0.467572 0.334911 1.000000
0.666667 0.636364 0.410012 0.000000 0.898574 0.485981 0.562529 0.448000 0.511312 0.394040 1.000000
0.600000 0.603548 0.402756 0.000000 0.920583 0.519626 0.604684 0.320877 0.616765 0.330973 1.000000
0.866667 0.416890 0.400000 0.000000 0.949757 0.533060 0.587984 0.544000 0.604827 0.519868 1.000000
0.675287 0.000000 0.200000 0.015139 0.813614 0.076636 0.015457 0.160000 0.070635 0.080770 0.000000
0.689309 0.227273 0.066667 0.016509 0.800648 0.095327 0.044938 0.136000 0.060014 0.026490 0.000000
0.866667 0.409091 0.200000 0.046590 0.854884 0.063528 0.014520 0.136000 0.066365 0.026490 0.000000
0.800000 0.545455 0.133333 0.000000 0.914100 0.140187 0.060422 0.246440 0.107089 0.108171 1.000000
0.800000 0.454545 0.133333 0.000000 0.943274 0.163625 0.158644 0.416000 0.156863 0.201987 1.000000
0.666667 0.681818 0.200000 0.012216 0.902125 0.167196 0.150820 0.416000 0.197587 0.225166 1.000000
0.666667 0.593028 0.333333 0.007024 0.880158 0.202149 0.195316 0.347525 0.207641 0.264901 1.000000
0.647413 0.340909 0.466667 0.019650 0.786062 0.195363 0.187822 0.176000 0.196078 0.086093 0.000000
0.764417 0.399685 0.243146 0.000000 0.952998 0.263551 0.286648 0.560623 0.269155 0.327815 1.000000
0.866667 0.227273 0.200000 0.000000 0.977310 0.358548 0.389120 0.592000 0.374491 0.384106 1.000000
0.866667 0.409091 0.133333 0.000000 0.977310 0.325293 0.328337 0.568000 0.368024 0.400662 1.000000
0.866667 0.548300 0.133333 0.017857 0.854133 0.265190 0.319438 0.200000 0.295626 0.139073 0.000000
0.721591 0.458369 0.266667 0.000000 0.946515 0.342056 0.366276 0.472000 0.351433 0.337748 1.000000
0.733333 0.477273 0.200000 -0.002781 0.914514 0.317284 0.346869 0.456000 0.393665 0.350993 1.000000
0.608651 0.227273 0.196121 0.017857 0.871961 0.372129 0.400937 0.296000 0.315234 0.268916 1.000000
0.933333 0.699677 0.466667 0.017857 0.836305 0.205607 0.391101 0.224000 0.320060 0.139073 1.000000
0.834224 0.159091 0.275924 0.007988 0.983793 0.285981 0.439344 0.776000 0.328808 0.438875 1.000000
0.933333 0.204545 0.344552 0.000000 0.985413 0.419665 0.487119 0.776000 0.398190 0.524602 1.000000
0.866667 0.379361 0.533333 0.000000 0.985413 0.502655 0.560123 0.749960 0.455505 0.569536 1.000000
0.866667 0.371269 0.533333 0.000000 0.967585 0.471028 0.579391 0.704000 0.506787 0.578849 1.000000
0.933333 0.295455 0.533333 0.017249 0.972447 0.535964 0.591153 0.736000 0.568627 0.609272 1.000000
0.933333 0.227273 0.466667 0.017693 0.980551 0.613084 0.676347 0.792000 0.633484 0.698775 1.000000
0.875149 0.297596 0.333333 0.038661 0.987034 0.689720 0.724122 0.832000 0.687850 0.706722 1.000000
0.748825 0.431818 0.200000 0.047675 0.977310 0.743925 0.770023 0.720000 0.751131 0.692053 1.000000
0.742302 0.340909 0.266667 0.051898 0.977310 0.807477 0.795149 0.707165 0.765126 0.672185 1.000000
0.600000 0.700222 0.466667 -0.022223 0.905158 0.778207 0.828997 0.376000 0.844646 0.372214 1.000000
0.808022 0.840909 0.666667 0.000000 0.970211 0.865421 0.905386 0.352000 0.877828 0.476282 1.000000
0.800000 0.596356 0.387032 0.000000 0.985413 0.901802 0.953162 0.584000 0.932127 0.658940 1.000000
0.866667 0.465509 0.466912 0.258970 1.064923 0.939002 0.995695 1.000000 0.969009 1.000000 1.000000
0.490788 0.568182 0.400000 -0.039543 0.714749 0.457944 0.812646 0.136000 0.547511 0.139073 0.000000
0.400000 0.768309 0.666667 1.000000 0.389328 0.149533 0.008431 0.048000 0.086360 0.009934 0.000000
0.200000 0.704545 0.400000 0.428571 0.282010 0.011215 0.000178 0.057067 0.010558 0.006401 0.000000
0.000000 0.931818 0.323700 0.601190 0.030794 0.000000 0.000468 0.000000 0.000000 0.000000 0.000000
0.272510 0.873065 0.266667 0.135983 0.226904 0.009346 0.002810 0.008000 0.007754 0.000000 0.000000
0.466667 0.636364 0.400000 0.005952 0.645057 0.057529 0.041218 0.112000 0.027149 0.007300 0.000000
0.466667 0.681818 0.333333 0.000000 0.846029 0.097582 0.080094 0.142570 0.084593 0.056291 1.000000
0.466667 0.659091 0.533333 0.005952 0.552226 0.054206 0.060127 0.168000 0.067873 0.029801 0.000000
0.600000 0.573879 0.377052 0.017857 0.685380 0.046729 0.108665 0.117341 0.072067 0.019868 0.000000
0.525851 0.783480 0.400000 0.098973 0.417914 0.035514 0.015357 0.085480 0.027473 0.013245 0.000000
0.533333 0.727273 0.266667 0.101790 0.445705 0.026168 0.007026 0.046766 0.022624 0.006623 0.000000
0.733333 0.636364 0.066667 0.107143 0.644954 0.028037 0.009368 0.056000 0.024133 0.009934 0.000000
0.533333 0.727273 0.666667 0.107143 0.437505 0.022430 0.007026 0.088000 0.019608 0.009934 0.000000
0.466667 0.478889 0.133333 0.000000 0.687196 0.038243 0.045433 0.096000 0.039216 0.016556 0.000000
0.200000 0.931818 0.411602 0.273810 0.183604 0.011215 -0.006664 0.038314 0.010558 0.000000 0.000000
0.000000 0.704545 0.474574 0.494048 0.304700 0.022793 -0.004024 0.032000 0.007541 0.003311 0.000000
0.133333 0.840909 0.266667 0.023810 0.264182 0.022783 0.001874 0.011049 0.004525 0.008840 0.000000
0.533333 0.470365 0.200000 0.000000 0.802269 0.059936 0.041218 0.152000 0.046757 0.026490 0.000000
0.600000 0.454117 0.200000 0.000000 0.957861 0.106542 0.122160 0.496000 0.099548 0.195364 1.000000
0.775761 0.090909 0.144522 0.000000 0.985413 0.188053 0.206500 0.544000 0.153846 0.254967 1.000000
0.776051 0.380091 0.200000 -0.011481 0.983793 0.220561 0.161124 0.624000 0.197587 0.321192 1.000000
0.734643 0.886364 0.505611 0.019003 0.894652 0.239252 0.198595 0.360000 0.224736 0.208609 1.000000
0.600000 0.227273 0.000000 0.000000 0.959481 0.234194 0.238876 0.432000 0.273002 0.274834 1.000000
0.600000 0.113636 0.113435 0.035714 0.797407 0.163307 0.161592 0.192000 0.148559 0.092715 0.000000
0.619610 0.204545 0.000000 0.029762 0.730956 0.134579 0.110070 0.096000 0.128205 0.023179 0.000000
0.466667 0.454545 0.533333 0.035714 0.558573 0.089720 0.074190 0.120000 0.070890 0.023179 0.000000
0.311224 0.836205 0.666667 0.345238 0.324149 0.024767 0.003747 0.032000 0.028658 0.003311 0.000000
0.670278 0.204545 0.000000 0.000000 0.788931 0.099065 0.044028 0.192525 0.070439 0.056291 0.000000
0.600000 0.477273 0.000000 0.000000 0.870022 0.142056 0.103865 0.320000 0.119155 0.112894 1.000000
0.666667 0.511773 0.200000 0.041667 0.792545 0.119626 0.008899 0.144000 0.085973 0.029801 0.000000
0.266667 0.795455 0.439788 0.364954 0.304700 0.041121 0.002008 0.058275 0.028658 0.003311 0.000000
0.301678 0.750000 0.388187 0.083333 0.265802 0.022430 0.001444 0.016000 0.015985 0.003311 0.000000
