1.000000 6.000000 2012.000000 29.000000 57.000000 18.000000 0.000000 65.700000 3.400000 7.600000 1.300000 3.400000 0.500000 0.000000
2.000000 6.000000 2012.000000 29.000000 61.000000 13.000000 1.300000 64.400000 4.100000 7.600000 1.000000 3.900000 0.400000 0.000000
3.000000 6.000000 2012.000000 26.000000 82.000000 22.000000 13.100000 47.100000 2.500000 7.100000 0.300000 2.700000 0.100000 0.000000
4.000000 6.000000 2012.000000 25.000000 89.000000 13.000000 2.500000 28.600000 1.300000 6.900000 0.000000 1.700000 0.000000 0.000000
5.000000 6.000000 2012.000000 27.000000 77.000000 16.000000 0.000000 64.800000 3.000000 14.200000 1.200000 3.900000 0.500000 0.000000
6.000000 6.000000 2012.000000 31.000000 67.000000 14.000000 0.000000 82.600000 5.800000 22.200000 3.100000 7.000000 2.500000 1.000000
7.000000 6.000000 2012.000000 33.000000 54.000000 13.000000 0.000000 88.200000 9.900000 30.500000 6.400000 10.900000 7.200000 1.000000
8.000000 6.000000 2012.000000 30.000000 73.000000 15.000000 0.000000 86.600000 12.100000 38.300000 5.600000 13.500000 7.100000 1.000000
9.000000 6.000000 2012.000000 25.000000 88.000000 13.000000 0.200000 52.900000 7.900000 38.800000 0.400000 10.500000 0.300000 0.000000
10.000000 6.000000 2012.000000 28.000000 79.000000 12.000000 0.000000 73.200000 9.500000 46.300000 1.300000 12.600000 0.900000 0.000000
11.000000 6.000000 2012.000000 31.000000 65.000000 14.000000 0.000000 84.500000 12.500000 54.300000 4.000000 15.800000 5.600000 1.000000
12.000000 6.000000 2012.000000 26.000000 81.000000 19.000000 0.000000 84.000000 13.800000 61.400000 4.800000 17.700000 7.100000 1.000000
13.000000 6.000000 2012.000000 27.000000 84.000000 21.000000 1.200000 50.000000 6.700000 17.000000 0.500000 6.700000 0.200000 0.000000
14.000000 6.000000 2012.000000 30.000000 78.000000 20.000000 0.500000 59.000000 4.600000 7.800000 1.000000 4.400000 0.400000 0.000000
15.000000 6.000000 2012.000000 28.000000 80.000000 17.000000 3.100000 49.400000 3.000000 7.400000 0.400000 3.000000 0.100000 0.000000
16.000000 6.000000 2012.000000 29.000000 89.000000 13.000000 0.700000 36.100000 1.700000 7.600000 0.000000 2.200000 0.000000 0.000000
17.000000 6.000000 2012.000000 30.000000 89.000000 16.000000 0.600000 37.300000 1.100000 7.800000 0.000000 1.600000 0.000000 0.000000
18.000000 6.000000 2012.000000 31.000000 78.000000 14.000000 0.300000 56.900000 1.900000 8.000000 0.700000 2.400000 0.200000 0.000000
19.000000 6.000000 2012.000000 31.000000 55.000000 16.000000 0.100000 79.900000 4.500000 16.000000 2.500000 5.300000 1.400000 0.000000
20.000000 6.000000 2012.000000 30.000000 80.000000 16.000000 0.400000 59.800000 3.400000 27.100000 0.900000 5.100000 0.400000 0.000000
21.000000 6.000000 2012.000000 30.000000 78.000000 14.000000 0.000000 81.000000 6.300000 31.600000 2.600000 8.400000 2.200000 1.000000
22.000000 6.000000 2012.000000 31.000000 67.000000 17.000000 0.100000 79.100000 7.000000 39.500000 2.400000 9.700000 2.300000 0.000000
23.000000 6.000000 2012.000000 32.000000 62.000000 18.000000 0.100000 81.400000 8.200000 47.700000 3.300000 11.500000 3.800000 1.000000
24.000000 6.000000 2012.000000 32.000000 66.000000 17.000000 0.000000 85.900000 11.200000 55.800000 5.600000 14.900000 7.500000 1.000000
25.000000 6.000000 2012.000000 31.000000 64.000000 15.000000 0.000000 86.700000 14.200000 63.800000 5.700000 18.300000 8.400000 1.000000
26.000000 6.000000 2012.000000 31.000000 64.000000 18.000000 0.000000 86.800000 17.800000 71.800000 6.700000 21.600000 10.600000 1.000000
27.000000 6.000000 2012.000000 34.000000 53.000000 18.000000 0.000000 89.000000 21.600000 80.300000 9.200000 25.800000 15.000000 1.000000
28.000000 6.000000 2012.000000 32.000000 55.000000 14.000000 0.000000 89.100000 25.500000 88.500000 7.600000 29.700000 13.900000 1.000000
29.000000 6.000000 2012.000000 32.000000 47.000000 13.000000 0.300000 79.900000 18.400000 84.400000 2.200000 23.800000 3.900000 0.000000
30.000000 6.000000 2012.000000 33.000000 50.000000 14.000000 0.000000 88.700000 22.900000 92.800000 7.200000 28.300000 12.900000 1.000000
1.000000 7.000000 2012.000000 29.000000 68.000000 19.000000 1.000000 59.900000 2.500000 8.600000 1.100000 2.900000 0.400000 0.000000
2.000000 7.000000 2012.000000 27.000000 75.000000 19.000000 1.200000 55.700000 2.400000 8.300000 0.800000 2.800000 0.300000 0.000000
3.000000 7.000000 2012.000000 32.000000 76.000000 20.000000 0.700000 63.100000 2.600000 9.200000 1.300000 3.000000 0.500000 0.000000
4.000000 7.000000 2012.000000 33.000000 78.000000 17.000000 0.000000 80.100000 4.600000 18.500000 2.700000 5.700000 1.700000 0.000000
5.000000 7.000000 2012.000000 33.000000 66.000000 14.000000 0.000000 85.900000 7.600000 27.900000 4.800000 9.100000 4.900000 1.000000
6.000000 7.000000 2012.000000 32.000000 63.000000 14.000000 0.000000 87.000000 10.900000 37.000000 5.600000 12.500000 6.800000 1.000000
7.000000 7.000000 2012.000000 35.000000 64.000000 18.000000 0.200000 80.000000 9.700000 40.400000 2.800000 12.100000 3.200000 0.000000
8.000000 7.000000 2012.000000 33.000000 68.000000 19.000000 0.000000 85.600000 12.500000 49.800000 6.000000 15.400000 8.000000 1.000000
9.000000 7.000000 2012.000000 32.000000 68.000000 14.000000 1.400000 66.600000 7.700000 9.200000 1.100000 7.400000 0.600000 0.000000
10.000000 7.000000 2012.000000 33.000000 69.000000 13.000000 0.700000 66.600000 6.000000 9.300000 1.100000 5.800000 0.500000 0.000000
11.000000 7.000000 2012.000000 33.000000 76.000000 14.000000 0.000000 81.100000 8.100000 18.700000 2.600000 8.100000 2.200000 0.000000
12.000000 7.000000 2012.000000 31.000000 75.000000 13.000000 0.100000 75.100000 7.900000 27.700000 1.500000 9.200000 0.900000 0.000000
13.000000 7.000000 2012.000000 34.000000 81.000000 15.000000 0.000000 81.800000 9.700000 37.200000 3.000000 11.700000 3.400000 0.000000
14.000000 7.000000 2012.000000 34.000000 61.000000 13.000000 0.600000 73.900000 7.800000 22.900000 1.400000 8.400000 0.800000 0.000000
15.000000 7.000000 2012.000000 30.000000 80.000000 19.000000 0.400000 60.700000 5.200000 17.000000 1.100000 5.900000 0.500000 0.000000
16.000000 7.000000 2012.000000 28.000000 76.000000 21.000000 0.000000 72.600000 7.000000 25.500000 0.700000 8.300000 0.400000 0.000000
17.000000 7.000000 2012.000000 29.000000 70.000000 14.000000 0.000000 82.800000 9.400000 34.100000 3.200000 11.100000 3.600000 1.000000
18.000000 7.000000 2012.000000 31.000000 68.000000 14.000000 0.000000 85.400000 12.100000 43.100000 4.600000 14.200000 6.000000 1.000000
19.000000 7.000000 2012.000000 35.000000 59.000000 17.000000 0.000000 88.100000 12.000000 52.800000 7.700000 18.200000 10.900000 1.000000
20.000000 7.000000 2012.000000 33.000000 65.000000 15.000000 0.100000 81.400000 12.300000 62.100000 2.800000 16.500000 4.000000 1.000000
21.000000 7.000000 2012.000000 33.000000 70.000000 17.000000 0.000000 85.400000 18.500000 71.500000 5.200000 22.400000 8.800000 1.000000
22.000000 7.000000 2012.000000 28.000000 79.000000 18.000000 0.100000 73.400000 16.400000 79.900000 1.800000 21.700000 2.800000 0.000000
23.000000 7.000000 2012.000000 27.000000 66.000000 22.000000 0.400000 68.200000 10.500000 71.300000 1.800000 15.400000 2.100000 0.000000
24.000000 7.000000 2012.000000 28.000000 78.000000 16.000000 0.100000 70.000000 9.600000 79.700000 1.400000 14.700000 1.300000 0.000000
25.000000 7.000000 2012.000000 31.000000 65.000000 18.000000 0.000000 84.300000 12.500000 88.700000 4.800000 18.500000 7.300000 1.000000
26.000000 7.000000 2012.000000 36.000000 53.000000 19.000000 0.000000 89.200000 17.100000 98.600000 10.000000 23.900000 15.300000 1.000000
27.000000 7.000000 2012.000000 36.000000 48.000000 13.000000 0.000000 90.300000 22.200000 108.500000 8.700000 29.400000 15.300000 1.000000
28.000000 7.000000 2012.000000 33.000000 76.000000 15.000000 0.000000 86.500000 24.400000 117.800000 5.600000 32.100000 11.300000 1.000000
29.000000 7.000000 2012.000000 32.000000 73.000000 15.000000 0.000000 86.600000 26.700000 127.000000 5.600000 35.000000 11.900000 1.000000
30.000000 7.000000 2012.000000 31.000000 79.000000 15.000000 0.000000 85.400000 28.500000 136.000000 4.700000 37.400000 10.700000 1.000000
31.000000 7.000000 2012.000000 35.000000 64.000000 17.000000 0.000000 87.200000 31.900000 145.700000 6.800000 41.200000 15.700000 1.000000
1.000000 8.000000 2012.000000 36.000000 45.000000 14.000000 0.000000 78.800000 4.800000 10.200000 2.000000 4.700000 0.900000 0.000000
2.000000 8.000000 2012.000000 35.000000 55.000000 12.000000 0.400000 78.000000 5.800000 10.000000 1.700000 5.500000 0.800000 0.000000
3.000000 8.000000 2012.000000 35.000000 63.000000 14.000000 0.300000 76.600000 5.700000 10.000000 1.700000 5.500000 0.800000 0.000000
4.000000 8.000000 2012.000000 34.000000 69.000000 13.000000 0.000000 85.000000 8.200000 19.800000 4.000000 8.200000 3.900000 1.000000
5.000000 8.000000 2012.000000 34.000000 65.000000 13.000000 0.000000 86.800000 11.100000 29.700000 5.200000 11.500000 6.100000 1.000000
6.000000 8.000000 2012.000000 32.000000 75.000000 14.000000 0.000000 86.400000 13.000000 39.100000 5.200000 14.200000 6.800000 1.000000
7.000000 8.000000 2012.000000 32.000000 69.000000 16.000000 0.000000 86.500000 15.500000 48.600000 5.500000 17.200000 8.000000 1.000000
8.000000 8.000000 2012.000000 32.000000 60.000000 18.000000 0.300000 77.100000 11.300000 47.000000 2.200000 14.100000 2.600000 0.000000
9.000000 8.000000 2012.000000 35.000000 59.000000 17.000000 0.000000 87.400000 14.800000 57.000000 6.900000 17.900000 9.900000 1.000000
10.000000 8.000000 2012.000000 35.000000 55.000000 14.000000 0.000000 88.900000 18.600000 67.000000 7.400000 21.900000 11.600000 1.000000
11.000000 8.000000 2012.000000 35.000000 63.000000 13.000000 0.000000 88.900000 21.700000 77.000000 7.100000 25.500000 12.100000 1.000000
12.000000 8.000000 2012.000000 35.000000 51.000000 13.000000 0.300000 81.300000 15.600000 75.100000 2.500000 20.700000 4.200000 0.000000
13.000000 8.000000 2012.000000 35.000000 63.000000 15.000000 0.000000 87.000000 19.000000 85.100000 5.900000 24.400000 10.200000 1.000000
14.000000 8.000000 2012.000000 33.000000 66.000000 14.000000 0.000000 87.000000 21.700000 94.700000 5.700000 27.200000 10.600000 1.000000
15.000000 8.000000 2012.000000 36.000000 55.000000 13.000000 0.300000 82.400000 15.600000 92.500000 3.700000 22.000000 6.300000 1.000000
16.000000 8.000000 2012.000000 36.000000 61.000000 18.000000 0.300000 80.200000 11.700000 90.400000 2.800000 17.600000 4.200000 1.000000
17.000000 8.000000 2012.000000 37.000000 52.000000 18.000000 0.000000 89.300000 16.000000 100.700000 9.700000 22.900000 14.600000 1.000000
18.000000 8.000000 2012.000000 36.000000 54.000000 18.000000 0.000000 89.400000 20.000000 110.900000 9.700000 27.500000 16.100000 1.000000
19.000000 8.000000 2012.000000 35.000000 62.000000 19.000000 0.000000 89.400000 23.200000 120.900000 9.700000 31.300000 17.200000 1.000000
20.000000 8.000000 2012.000000 35.000000 68.000000 19.000000 0.000000 88.300000 25.900000 130.600000 8.800000 34.700000 16.800000 1.000000
21.000000 8.000000 2012.000000 36.000000 58.000000 19.000000 0.000000 88.600000 29.600000 141.100000 9.200000 38.800000 18.400000 1.000000
22.000000 8.000000 2012.000000 36.000000 55.000000 18.000000 0.000000 89.100000 33.500000 151.300000 9.900000 43.100000 20.400000 1.000000
23.000000 8.000000 2012.000000 36.000000 53.000000 16.000000 0.000000 89.500000 37.600000 161.500000 10.400000 47.500000 22.300000 1.000000
24.000000 8.000000 2012.000000 34.000000 64.000000 14.000000 0.000000 88.900000 40.500000 171.300000 9.000000 50.900000 20.900000 1.000000
25.000000 8.000000 2012.000000 35.000000 60.000000 15.000000 0.000000 88.900000 43.900000 181.300000 8.200000 54.700000 20.300000 1.000000
26.000000 8.000000 2012.000000 31.000000 78.000000 18.000000 0.000000 85.800000 45.600000 190.600000 4.700000 57.100000 13.700000 1.000000
27.000000 8.000000 2012.000000 33.000000 82.000000 21.000000 0.000000 84.900000 47.000000 200.200000 4.400000 59.300000 13.200000 1.000000
28.000000 8.000000 2012.000000 34.000000 64.000000 16.000000 0.000000 89.400000 50.200000 210.400000 7.300000 62.900000 19.900000 1.000000
29.000000 8.000000 2012.000000 35.000000 48.000000 18.000000 0.000000 90.100000 54.200000 220.400000 12.500000 67.400000 30.200000 1.000000
30.000000 8.000000 2012.000000 35.000000 70.000000 17.000000 0.800000 72.700000 25.200000 180.400000 1.700000 37.400000 4.200000 0.000000
31.000000 8.000000 2012.000000 28.000000 80.000000 21.000000 16.800000 52.500000 8.700000 8.700000 0.600000 8.300000 0.300000 0.000000
1.000000 9.000000 2012.000000 25.000000 76.000000 17.000000 7.200000 46.000000 1.300000 7.500000 0.200000 1.800000 0.100000 0.000000
2.000000 9.000000 2012.000000 22.000000 86.000000 15.000000 10.100000 30.500000 0.700000 7.000000 0.000000 1.100000 0.000000 0.000000
3.000000 9.000000 2012.000000 25.000000 78.000000 15.000000 3.800000 42.600000 1.200000 7.500000 0.100000 1.700000 0.000000 0.000000
4.000000 9.000000 2012.000000 29.000000 73.000000 17.000000 0.100000 68.400000 1.900000 15.700000 1.400000 2.900000 0.500000 0.000000
5.000000 9.000000 2012.000000 29.000000 75.000000 16.000000 0.000000 80.800000 3.400000 24.000000 2.800000 5.100000 1.700000 1.000000
6.000000 9.000000 2012.000000 29.000000 74.000000 19.000000 0.100000 75.800000 3.600000 32.200000 2.100000 5.600000 0.900000 0.000000
7.000000 9.000000 2012.000000 31.000000 71.000000 17.000000 0.300000 69.600000 3.200000 30.100000 1.500000 5.100000 0.600000 0.000000
8.000000 9.000000 2012.000000 30.000000 73.000000 17.000000 0.900000 62.000000 2.600000 8.400000 1.100000 3.000000 0.400000 0.000000
9.000000 9.000000 2012.000000 30.000000 77.000000 15.000000 1.000000 56.100000 2.100000 8.400000 0.700000 2.600000 0.200000 0.000000
10.000000 9.000000 2012.000000 33.000000 73.000000 12.000000 1.800000 59.900000 2.200000 8.900000 0.700000 2.700000 0.300000 0.000000
11.000000 9.000000 2012.000000 30.000000 77.000000 21.000000 1.800000 58.500000 1.900000 8.400000 1.100000 2.400000 0.300000 0.000000
12.000000 9.000000 2012.000000 29.000000 88.000000 13.000000 0.000000 71.000000 2.600000 16.600000 1.200000 3.700000 0.500000 0.000000
13.000000 9.000000 2012.000000 25.000000 86.000000 21.000000 4.600000 40.900000 1.300000 7.500000 0.100000 1.800000 0.000000 0.000000
14.000000 9.000000 2012.000000 22.000000 76.000000 26.000000 8.300000 47.400000 1.100000 7.000000 0.400000 1.600000 0.100000 0.000000
15.000000 9.000000 2012.000000 24.000000 82.000000 15.000000 0.400000 44.900000 0.900000 7.300000 0.200000 1.400000 0.000000 0.000000
16.000000 9.000000 2012.000000 30.000000 65.000000 14.000000 0.000000 78.100000 3.200000 15.700000 1.900000 4.200000 0.800000 0.000000
17.000000 9.000000 2012.000000 31.000000 52.000000 14.000000 0.000000 87.700000 6.400000 24.300000 6.200000 7.700000 5.900000 1.000000
18.000000 9.000000 2012.000000 32.000000 49.000000 11.000000 0.000000 89.400000 9.800000 33.100000 6.800000 11.300000 7.700000 1.000000
19.000000 9.000000 2012.000000 29.000000 57.000000 14.000000 0.000000 89.300000 12.500000 41.300000 7.800000 14.200000 9.700000 1.000000
20.000000 9.000000 2012.000000 28.000000 84.000000 18.000000 0.000000 83.800000 13.500000 49.300000 4.500000 16.000000 6.300000 1.000000
21.000000 9.000000 2012.000000 31.000000 55.000000 11.000000 0.000000 87.800000 16.500000 57.900000 5.400000 19.200000 8.300000 1.000000
22.000000 9.000000 2012.000000 31.000000 50.000000 19.000000 0.600000 77.800000 10.600000 41.400000 2.400000 12.900000 2.800000 0.000000
23.000000 9.000000 2012.000000 32.000000 54.000000 11.000000 0.500000 73.700000 7.900000 30.400000 1.200000 9.600000 0.700000 0.000000
24.000000 9.000000 2012.000000 29.000000 65.000000 19.000000 0.600000 68.300000 5.500000 15.200000 1.500000 5.800000 0.700000 0.000000
25.000000 9.000000 2012.000000 26.000000 81.000000 21.000000 5.800000 48.600000 3.000000 7.700000 0.400000 3.000000 0.100000 0.000000
26.000000 9.000000 2012.000000 31.000000 54.000000 11.000000 0.000000 82.000000 6.000000 16.300000 2.500000 6.200000 1.700000 0.000000
27.000000 9.000000 2012.000000 31.000000 66.000000 11.000000 0.000000 85.700000 8.300000 24.900000 4.000000 9.000000 4.100000 1.000000
28.000000 9.000000 2012.000000 32.000000 47.000000 14.000000 0.700000 77.500000 7.100000 8.800000 1.800000 6.800000 0.900000 0.000000
29.000000 9.000000 2012.000000 26.000000 80.000000 16.000000 1.800000 47.400000 2.900000 7.700000 0.300000 3.000000 0.100000 0.000000
30.000000 9.000000 2012.000000 25.000000 78.000000 14.000000 1.400000 45.000000 1.900000 7.500000 0.200000 2.400000 0.100000 0.000000
