1.000000 0.000000 0.285714 0.000000 1.000000 0.000000 0.682180 0.490994 15.550000
1.000000 0.035288 0.285714 0.000000 1.003867 0.333333 0.000000 0.179878 15.550000
0.927166 0.000000 0.285714 0.000000 1.000000 0.666667 0.000000 0.000000 15.550000
1.037094 0.000000 0.300025 0.000000 1.013692 1.000000 0.778434 0.670898 15.550000
0.777778 0.190317 0.402272 0.111111 1.000000 0.261856 0.070891 0.000000 20.840000
0.777778 0.190317 0.402272 0.111111 1.000000 0.261856 0.070891 0.000000 21.459999
0.777778 0.269361 0.428571 0.217279 0.982848 0.666667 0.000000 0.000000 20.709999
0.685039 0.280217 0.428571 0.218200 1.000000 0.493724 0.000000 -0.052388 19.680000
0.666667 0.274336 0.285714 0.333333 1.000000 0.000000 0.000000 0.000000 19.500000
0.666667 0.250000 0.285714 0.274340 0.973359 0.353676 0.000000 0.000000 19.950001
0.666667 0.276019 0.349187 0.333333 1.000000 0.666667 0.805709 0.620093 19.340000
0.666667 0.250000 0.285714 0.268045 0.973854 0.265220 0.056427 0.000000 18.309999
0.555556 0.376517 0.381742 0.333333 1.000000 0.159814 0.048809 0.000000 17.049999
0.555556 0.333333 0.428571 0.333333 1.000000 0.333333 0.159680 0.000000 17.410000
0.555556 0.333333 0.428571 0.305025 1.000000 0.666667 0.000000 0.145872 16.950001
0.555556 0.333333 0.428571 0.333333 0.989016 1.000000 0.000000 0.073125 15.980000
0.472222 0.448275 0.571429 0.332089 1.000000 0.000000 0.000000 0.000000 28.520000
0.519655 0.416667 0.469569 0.333333 1.000000 0.333333 0.000000 0.000000 29.900000
0.430405 0.416667 0.571429 0.333333 1.000000 0.666667 0.000000 0.000000 29.629999
0.472222 0.416667 0.571429 0.333333 1.000000 0.357368 0.000000 0.000000 28.750000
0.388889 0.500000 1.000000 0.111111 1.000000 0.000000 0.720776 0.653173 24.770000
0.388889 0.500000 0.865449 0.203799 0.985627 0.333333 0.000000 0.000000 23.930000
0.388889 0.500000 1.000000 0.139660 0.994284 0.666667 0.000000 0.000000 24.770000
0.388889 0.500000 1.000000 0.111111 1.000000 1.000000 0.000000 0.020479 23.930000
0.289559 0.583333 0.000000 0.936908 0.000000 0.000000 0.075846 0.000000 6.070000
0.326253 0.583333 0.000000 0.958337 0.000000 0.333333 0.000000 0.000000 6.050000
0.250561 0.677706 0.000000 1.000000 0.000000 0.623287 0.000000 0.000000 6.010000
0.356924 0.583333 0.000000 0.971578 -0.026700 1.000000 0.000000 0.000000 6.040000
0.250000 0.666667 0.177862 1.000000 0.000000 0.633099 0.000000 0.000000 6.370000
0.250000 0.713284 0.142857 1.000000 0.000000 0.333333 0.000000 0.221160 6.400000
0.250000 0.735478 0.142857 1.000000 -0.042475 0.773152 0.000000 0.000000 6.370000
0.250000 0.666667 0.142857 1.000000 0.000000 1.000000 0.000000 0.000000 6.400000
0.194444 0.750000 0.285714 1.000000 -0.029635 0.000000 0.000000 0.206548 6.850000
0.161663 0.750000 0.259004 1.000000 0.000000 0.526887 0.000000 0.000000 6.790000
0.194444 0.790305 0.285714 1.000000 -0.000892 0.666667 0.547473 0.556887 6.770000
0.194444 0.793840 0.285714 1.000000 0.000000 1.000000 0.000000 0.000000 6.810000
0.111111 0.859490 0.428571 1.000956 0.000000 0.000000 0.421988 0.634949 7.180000
0.111111 0.889135 0.428571 1.000000 -0.055288 0.595113 0.000000 0.118225 7.100000
0.111111 0.833333 0.428571 1.000000 -0.051664 0.666667 0.000000 0.000000 7.100000
0.111111 0.833333 0.428571 1.000000 0.000000 1.000000 0.169699 0.000000 7.100000
0.075901 0.916667 0.571429 1.000000 0.000000 0.000000 0.000000 0.000000 10.850000
0.055556 0.916667 0.571429 1.008296 -0.015379 0.583528 0.586263 0.551862 10.540000
0.055556 0.916667 0.571429 1.000000 0.000000 0.666667 0.000000 0.000000 10.770000
0.055556 0.914253 0.571429 1.021877 0.000000 1.000000 0.107231 0.000000 10.560000
0.016250 1.000000 0.714286 1.000000 -0.021803 0.000000 0.150319 0.000000 8.600000
0.000000 1.000000 0.714286 1.000000 0.000000 0.669555 0.000000 0.318205 8.490000
0.000000 1.000000 0.693722 1.000000 -0.065559 0.529490 0.000000 0.000000 8.450000
-0.011660 1.000000 0.714286 1.000000 0.000000 1.000000 0.271872 0.000000 8.500000
1.000000 0.000000 0.285714 0.000000 1.000000 0.354640 0.648126 0.200000 24.580000
1.000000 0.000000 0.307444 0.000000 1.000000 0.306218 0.250000 0.667126 24.629999
1.000000 0.000000 0.285714 0.000000 0.996764 0.666667 0.563539 0.200000 24.629999
1.000000 0.017855 0.285714 0.000000 1.000000 1.000000 0.701541 0.200000 24.590000
0.777778 0.166667 0.428571 0.111111 0.996225 0.000000 0.642858 0.584625 29.030001
0.763847 0.217526 0.428571 0.111111 1.000000 0.333333 0.250000 0.200000 29.870001
0.777778 0.166667 0.428571 0.111111 1.000000 0.666667 0.682316 0.644933 29.139999
0.727473 0.213106 0.428571 0.111111 1.003473 0.620183 0.250000 0.879159 28.090000
0.666667 0.250000 0.285714 0.334617 1.000000 0.173695 0.667069 0.200000 26.280001
0.666667 0.250000 0.343012 0.296233 0.976706 0.216000 0.515584 0.200000 26.910000
0.666667 0.280644 0.285714 0.333333 1.000000 0.280322 0.653622 0.200000 26.370001
0.675806 0.250000 0.285714 0.333333 0.987961 1.000000 0.703293 0.647364 25.270000
0.555556 0.333333 0.428571 0.333333 0.969291 0.000000 0.250000 0.200000 23.530001
0.555556 0.333173 0.428571 0.333333 1.000000 0.333333 0.565981 0.200000 24.030001
0.555556 0.333333 0.428571 0.333333 1.000000 0.309331 0.250000 0.579020 23.540001
0.555556 0.333333 0.428571 0.334134 0.981408 0.236498 0.250000 0.200000 22.580000
0.472222 0.416667 0.571429 0.333333 1.000000 0.000000 0.250000 0.200000 35.560001
0.472222 0.416667 0.571429 0.333333 1.000000 0.399829 0.250000 0.540006 37.119999
0.472222 0.416667 0.571429 0.333333 1.000000 0.441480 0.663386 0.532776 36.900002
0.482498 0.416667 0.522461 0.333333 1.000000 0.427736 0.616047 0.496077 35.939999
0.388889 0.497521 0.969413 0.115296 1.000000 0.388289 0.656991 0.200000 32.959999
0.346667 0.500000 1.000000 0.159474 1.000000 0.333333 0.250000 0.200000 32.119999
0.388889 0.500000 1.000000 0.111111 1.000000 0.551756 0.250000 0.200000 32.939999
0.388889 0.500000 1.000000 0.111111 1.000000 0.735706 0.519938 0.200000 32.209999
0.333333 0.583333 0.000000 0.980550 0.000000 0.000000 0.584619 0.200000 10.360000
0.300785 0.583333 0.000000 1.000000 0.000000 0.333333 0.250000 0.621473 10.430000
0.299963 0.583333 0.000000 1.000000 0.000000 0.461687 0.470210 0.543466 10.360000
0.333333 0.625500 0.000000 1.000000 0.000000 0.448501 0.701452 0.200000 10.390000
0.250000 0.666667 0.191127 1.000000 0.000000 0.605356 0.250000 0.200000 10.710000
0.250000 0.666667 0.156319 1.011661 -0.009549 0.333333 0.250000 0.591975 10.800000
0.250000 0.666667 0.177765 1.000000 -0.028616 0.666667 0.250000 0.200000 10.700000
0.250000 0.789067 0.353242 1.020050 0.000000 1.000000 0.250000 0.200000 10.750000
0.194444 0.750000 0.285714 1.000000 0.000000 0.000000 0.250000 0.625286 11.110000
0.194444 0.770687 0.285714 1.000000 0.000000 0.333333 0.250000 0.640088 11.130000
0.160335 0.750000 0.285714 1.000000 0.000000 0.666667 0.250000 0.664463 11.090000
0.150401 0.802440 0.285714 1.000000 0.000000 1.000000 0.250000 0.598035 11.160000
0.111111 0.890584 0.480441 1.017526 0.000000 0.432032 0.441167 0.200000 11.680000
0.096209 0.833333 0.428571 0.988014 0.000000 0.462144 0.250000 0.200000 11.690000
0.111111 0.833333 0.474591 0.992505 -0.010782 0.666667 0.250000 0.200000 11.700000
0.084952 0.889629 0.551737 1.000000 0.000000 1.000000 0.250000 0.200000 11.690000
0.055556 0.955317 0.604358 1.000000 -0.014301 0.000000 0.250000 0.200000 15.410000
0.055556 0.916667 0.571429 1.004653 0.000000 0.333333 0.250000 0.200000 15.200000
0.055556 0.969623 0.571429 1.000000 0.000000 0.603010 0.250000 0.200000 15.420000
0.055556 0.916667 0.646818 1.008512 0.000000 1.000000 0.250000 0.200000 15.210000
0.000000 1.000000 0.714286 1.000000 0.000000 0.000000 0.250000 0.642044 12.960000
0.121616 0.838228 0.345538 1.000000 0.000000 0.333333 0.663925 0.200000 12.970000
-0.011800 1.000000 0.714286 1.008856 0.000000 0.666667 0.250000 0.672366 12.930000
0.000000 1.030971 0.714286 1.000000 0.000000 1.000000 0.250000 0.200000 13.020000
1.038156 0.000000 0.291811 0.000000 0.996479 0.308873 0.250000 0.400000 24.290001
1.000000 0.000000 0.285714 0.038753 1.000000 0.333333 0.665287 0.400000 24.309999
1.000000 0.034620 0.285714 0.000000 1.000000 0.243037 0.250000 0.649223 24.129999
1.000000 0.000000 0.285714 0.024973 0.991267 0.319138 0.250000 0.400000 24.250000
0.777778 0.214359 0.428571 0.111111 1.000000 0.000000 0.250000 0.400000 28.879999
0.777778 0.197502 0.428571 0.111111 1.000000 0.360592 0.250000 0.717175 29.680000
0.773399 0.166667 0.428571 0.111111 1.000000 0.666667 0.250000 0.812857 28.830000
0.777778 0.166667 0.428571 0.111111 1.000000 0.211331 0.696726 0.631968 27.900000
0.666667 0.272144 0.285714 0.333333 1.000000 0.000000 0.643587 0.450783 26.480000
0.701925 0.250000 0.285714 0.271791 1.000000 0.333333 0.250000 0.400000 27.020000
0.666667 0.250000 0.333720 0.333333 1.000000 0.256637 0.250000 0.400000 26.330000
0.556913 0.347908 0.418381 0.333333 1.000000 0.369534 0.250000 0.552082 25.360001
0.565080 0.339384 0.404213 0.333333 1.000000 0.637317 0.716348 0.400000 23.750000
0.555556 0.333333 0.416459 0.333333 1.000000 0.333333 0.250000 0.637362 24.230000
0.555556 0.370269 0.438898 0.333333 1.000000 0.320992 0.250000 0.400000 23.670000
0.555556 0.333333 0.428571 0.356057 0.985986 0.440911 0.646921 0.655972 22.790001
0.496057 0.416667 0.528659 0.333333 0.929918 0.000000 0.250000 0.582545 35.650002
0.472222 0.416667 0.571429 0.333333 1.000000 0.333333 0.250000 0.557622 37.259998
0.472222 0.416667 0.586381 0.333333 1.000000 0.666667 0.693725 0.400000 36.970001
0.472222 0.416667 0.571429 0.333333 1.000000 1.000000 0.682124 0.636743 36.029999
0.388889 0.512046 1.000000 0.111111 0.962762 0.000000 0.250000 0.400000 33.160000
0.388889 0.500000 1.000000 0.111111 0.983425 0.698921 0.250000 0.377988 32.400002
0.388889 0.500000 1.000000 0.111111 0.972252 0.666667 0.250000 0.400000 33.119999
0.388889 0.500000 1.000000 0.103357 1.000000 1.000000 0.250000 0.411805 32.410000
0.333333 0.583333 0.000000 1.000000 0.000000 0.590262 0.250000 0.610213 10.420000
0.290350 0.583333 0.000000 1.000000 0.000000 0.333333 0.668755 0.400000 10.460000
0.295699 0.583333 0.000000 1.000000 0.000000 0.469180 0.710110 0.400000 10.320000
0.307968 0.583333 0.000000 0.981739 0.001931 1.000000 0.559917 0.658348 10.450000
0.250000 0.725359 0.211001 1.000000 -0.029169 0.809181 0.743111 0.400000 10.640000
0.250000 0.666667 0.142857 1.024775 0.000000 0.333333 0.250000 0.703925 10.720000
0.250000 0.666667 0.142857 1.000000 0.000000 0.666667 0.703005 0.400000 10.550000
0.250000 0.666667 0.142857 1.000000 0.000000 1.000000 0.250000 0.400000 10.680000
0.167610 0.750000 0.285714 1.000000 0.000000 0.000000 0.250000 0.603041 11.450000
0.194444 0.750000 0.285714 1.015184 0.000000 0.333333 0.250000 0.400000 11.460000
0.194444 0.750000 0.287790 1.000000 -0.013679 0.666667 0.595784 0.580238 11.320000
0.194444 0.750000 0.285714 1.000000 -0.009227 1.000000 0.250000 0.737402 11.490000
0.098095 0.833333 0.428571 1.000000 0.000000 0.000000 0.250000 0.400000 11.450000
0.111111 0.887069 0.428571 1.021707 0.000000 0.487418 0.250000 0.584508 11.420000
0.111111 0.833333 0.428571 1.012044 0.000000 0.666667 0.250000 0.400000 11.330000
0.111111 0.853007 0.428571 1.000000 0.000000 1.000000 0.651193 0.400000 11.430000
0.055556 0.916667 0.584795 1.000000 -0.013079 0.000000 0.250000 0.577788 15.410000
0.052502 0.916667 0.571429 1.000000 0.005949 0.477951 0.250000 0.655616 15.180000
0.055556 0.916667 0.571429 1.000000 0.000000 0.666667 0.701187 0.400000 15.340000
0.053379 0.929045 0.571429 1.000000 0.000000 1.000000 0.250000 0.400000 15.190000
0.000000 1.000000 0.714286 1.000000 0.000000 0.612112 0.250000 0.400000 12.880000
0.000000 1.000000 0.714286 1.000000 -0.011631 0.333333 0.250000 0.697604 13.000000
0.000000 1.000000 0.727480 1.000000 -0.014376 0.666667 0.250000 0.400000 12.970000
0.000000 1.000000 0.714286 1.000000 0.000000 1.000000 0.250000 0.400000 13.040000
1.000000 0.000000 0.287060 0.000000 0.986978 0.000000 0.250000 0.600000 24.280001
1.009021 0.043112 0.285714 0.000000 1.000000 0.224660 0.250000 0.600000 24.400000
1.000000 0.000000 0.283716 0.000000 1.000000 0.666667 0.685914 0.600000 24.110001
1.000000 0.023600 0.293124 0.000000 1.000000 1.000000 0.250000 0.600000 24.350000
0.808192 0.166667 0.424573 0.111111 1.000000 0.506565 0.250000 0.715974 28.070000
0.777778 0.166667 0.428571 0.111111 1.000000 0.333333 0.250000 0.600000 29.010000
0.777778 0.166667 0.384770 0.140560 1.000000 0.666667 0.675702 0.758396 29.620001
0.777778 0.166667 0.408801 0.111111 0.978161 1.000000 0.250000 0.600000 29.049999
0.619269 0.250000 0.365199 0.333333 1.000000 0.000000 0.250000 0.600000 25.410000
0.666667 0.250000 0.285714 0.333333 1.000000 0.333333 0.250000 0.600000 26.469999
0.666667 0.250000 0.285714 0.333333 0.989586 0.254955 0.250000 0.600000 26.889999
0.695677 0.250000 0.285714 0.258739 1.000000 1.000000 0.712084 0.600000 26.459999
0.555556 0.374843 0.428571 0.333333 0.983275 0.382967 0.250000 0.600000 22.930000
0.612361 0.333333 0.428571 0.333333 1.000000 0.359647 0.250000 0.581823 23.840000
0.555556 0.333333 0.411962 0.333333 1.000000 0.666667 0.250000 0.673455 24.170000
0.568413 0.333333 0.428571 0.309112 1.000000 1.000000 0.702531 0.600000 23.870001
0.492795 0.440767 0.571429 0.333333 0.942468 0.374669 0.250000 0.600000 35.779999
0.215899 0.741509 0.571429 0.719914 0.241269 0.333333 0.250000 0.600000 35.480000
0.463843 0.416667 0.571429 0.328617 0.980923 0.666667 0.250000 0.600000 36.970001
0.567977 0.319665 0.410136 0.333333 1.000000 1.000000 0.757980 0.600000 36.700001
0.388889 0.515515 1.000000 0.111111 1.000000 0.000000 0.250000 0.600000 32.520000
0.388889 0.500000 1.000000 0.114130 0.972690 0.847155 0.250000 0.318927 33.279999
0.388889 0.500000 0.987779 0.111111 1.000000 0.475765 0.801872 0.600000 32.330002
0.388889 0.500000 1.000000 0.111111 1.000000 0.580381 0.595581 0.411411 33.240002
0.333333 0.583333 0.047188 1.000000 -0.019511 0.000000 0.250000 0.600000 10.390000
0.333333 0.583333 0.000000 1.000000 -0.021364 0.333333 0.250000 0.600000 10.340000
0.333333 0.583333 0.000000 1.000000 0.000000 0.666667 0.250000 0.600000 10.350000
0.333333 0.594529 0.000000 1.000000 -0.009381 1.000000 0.250000 0.600000 10.380000
0.250000 0.666667 0.142857 1.013171 0.000000 0.000000 0.611154 0.729317 10.770000
0.237177 0.666667 0.134050 1.004865 -0.006725 0.333333 0.250000 0.576279 10.680000
0.250000 0.666667 0.142857 1.000000 0.000000 0.666667 0.250000 0.600000 10.680000
0.250000 0.758319 0.286034 1.000000 0.000000 1.000000 0.250000 0.518306 10.700000
0.163441 0.750000 0.285714 1.000000 0.000000 0.526417 0.250000 0.600000 11.220000
0.194444 0.750000 0.285714 1.024193 0.000000 0.333333 0.250000 0.600000 11.160000
0.194444 0.750000 0.285714 1.000000 -0.012053 0.666667 0.250000 0.600000 11.100000
0.194444 0.750000 0.332010 1.000000 0.000000 1.000000 0.776419 0.657062 11.140000
0.072045 0.874759 0.481293 1.004896 0.000000 0.000000 0.250000 0.566619 11.590000
0.087995 0.833333 0.428571 1.015344 -0.014649 0.333333 0.250000 0.600000 11.600000
0.111111 0.833333 0.428571 1.000000 -0.011385 0.666667 0.250000 0.624035 11.530000
0.095299 0.833333 0.497656 1.000000 0.000000 1.000000 0.250000 0.600000 11.610000
0.055556 0.916667 0.571429 1.010896 0.000000 0.000000 0.250000 0.600000 15.160000
0.035107 0.916667 0.571429 1.000000 0.000000 0.333333 0.624670 0.538111 15.360000
0.055556 0.916667 0.597634 1.016608 0.000000 0.666667 0.250000 0.600000 15.120000
0.026326 0.973437 0.571429 0.993489 0.000000 0.514321 0.250000 0.600000 15.360000
0.000000 1.028224 0.700195 1.000000 -0.019793 0.000000 0.591044 0.643169 12.680000
-0.011842 1.000000 0.714286 1.000000 0.000000 0.333333 0.250000 0.689818 12.630000
0.000000 1.000000 0.714286 1.000000 0.000000 0.666667 0.250000 0.600000 12.710000
-0.001630 1.000000 0.714286 1.000000 0.006931 0.359831 0.682841 0.600000 12.730000
1.000000 0.000000 0.285714 0.000000 1.000000 0.358190 0.250000 0.695946 24.379999
1.000000 0.000000 0.285714 0.000000 0.984095 0.333333 0.250000 0.800000 24.230000
1.000000 0.000000 0.285714 0.019157 0.984501 0.666667 0.250000 0.800000 24.040001
1.046069 0.000000 0.304185 0.000000 1.000000 1.000000 0.717844 0.800000 24.320000
0.777778 0.166667 0.402178 0.111111 1.000000 0.000000 0.250000 0.677710 29.059999
0.749802 0.233941 0.428571 0.111111 1.000000 0.333333 0.637588 0.800000 28.049999
0.777778 0.166667 0.428571 0.111111 1.000000 0.666667 0.250000 0.800000 28.860001
0.815463 0.166667 0.428571 0.111111 1.000000 1.000000 0.250000 0.800000 29.790001
0.666667 0.257885 0.351562 0.218974 1.000000 0.308786 0.250000 0.800000 26.440001
0.667997 0.250000 0.285714 0.333333 1.000000 0.262062 0.250000 0.590671 25.370001
0.666667 0.295849 0.285714 0.333333 1.000000 0.666667 0.250000 0.669058 26.330000
0.666667 0.250000 0.285714 0.274967 1.000000 1.000000 0.250000 0.800000 27.030001
0.555556 0.333333 0.428571 0.333333 1.000000 0.000000 0.707990 0.800000 23.799999
0.555556 0.358074 0.428571 0.333333 1.000000 0.413122 0.722338 0.539310 22.799999
0.555556 0.333333 0.428571 0.352312 1.000000 0.666667 0.735483 0.800000 23.590000
0.587077 0.333333 0.428571 0.333333 1.000000 0.413929 0.250000 0.800000 24.240000
0.472222 0.415957 0.532489 0.333333 1.000000 0.329364 0.250000 0.800000 36.860001
0.472222 0.416667 0.571429 0.333333 0.984436 0.333333 0.250000 0.800000 35.889999
0.472222 0.416667 0.571429 0.340193 1.000000 0.666667 0.620654 0.601230 35.450001
0.485966 0.416667 0.571429 0.333333 1.006288 0.383297 0.611052 0.525842 37.099998
0.388889 0.500000 1.000000 0.107473 1.000000 0.796136 0.250000 0.385292 33.080002
0.386427 0.506855 1.000000 0.111111 0.965851 0.470053 0.250000 0.480599 32.380001
0.388889 0.507816 0.923302 0.127582 1.000000 0.666667 0.250000 0.800000 33.090000
0.388889 0.500000 1.000000 0.107473 1.000000 0.796136 0.250000 0.385292 32.310001
0.333333 0.623439 0.000000 1.029819 0.000000 0.333401 0.589644 0.800000 10.080000
0.301314 0.619847 0.000000 1.000000 -0.038185 0.475540 0.573205 0.559470 10.150000
0.333333 0.583333 0.000000 1.000000 -0.012225 0.666667 0.250000 0.800000 10.070000
0.297812 0.583333 0.038086 0.992904 0.000000 0.614763 0.651688 0.800000 10.140000
0.250000 0.666667 0.142857 1.000000 -0.031419 0.000000 0.648875 0.800000 10.660000
0.250000 0.666667 0.142857 1.000000 0.000000 0.322857 0.681618 0.800000 10.680000
0.250000 0.666667 0.142857 1.000000 0.000000 0.666667 0.645198 0.800000 10.530000
0.250000 0.666667 0.183625 1.000000 0.000000 0.723939 0.250000 0.548434 10.720000
0.160057 0.750000 0.285714 1.036057 0.000000 0.000000 0.424883 0.800000 11.180000
0.164821 0.750000 0.285714 1.033997 0.000000 0.535183 0.250000 0.800000 11.220000
0.141172 0.809070 0.285714 1.000000 0.000000 0.666667 0.250000 0.800000 11.070000
0.194444 0.750000 0.285714 1.027047 0.000000 1.000000 0.618871 0.800000 11.200000
0.111111 0.833333 0.428571 1.000000 0.000000 0.582996 0.658056 0.800000 11.440000
0.094830 0.833333 0.428571 1.000000 0.000000 0.333333 0.250000 0.800000 11.420000
0.111111 0.882521 0.428571 1.021440 -0.004169 0.666667 0.250000 0.800000 11.330000
0.129056 0.813738 0.428571 1.000000 0.016498 1.000000 0.250000 0.564077 11.430000
0.055556 0.916667 0.571429 1.013918 0.017297 0.000000 0.250000 0.800000 15.400000
0.049170 0.916667 0.544685 1.000000 -0.016341 0.333333 0.250000 0.618668 15.190000
0.055556 0.916667 0.571429 1.019835 0.000000 0.666667 0.250000 0.644244 15.320000
0.055556 0.916667 0.571429 1.000000 0.000000 1.000000 0.250000 0.800000 15.160000
0.000000 1.016778 0.714286 1.000000 -0.010262 0.000000 0.250000 0.800000 12.850000
0.000000 1.000000 0.714286 1.000000 -0.008593 0.333333 0.638434 0.800000 13.040000
-0.019143 1.000000 0.714286 1.000000 0.000000 0.666667 0.250000 0.800000 13.000000
0.008531 0.928856 0.714286 0.910962 0.031840 1.000000 0.250000 0.800000 13.000000
1.000000 0.000000 0.321027 0.000000 1.000000 0.492375 0.250000 1.000000 24.350000
1.000000 0.000000 0.285714 0.000000 1.000000 0.358190 0.250000 0.695946 24.330000
1.001493 0.000000 0.285714 0.000000 0.987003 0.483867 0.250000 0.745575 24.030001
0.999930 0.000000 0.285714 0.000000 0.990315 0.589605 0.250000 1.000000 24.260000
0.777778 0.166667 0.346691 0.174709 1.000000 0.000000 0.250000 1.000000 29.830000
0.777778 0.195786 0.356568 0.147868 1.000000 0.333333 0.250000 1.000000 29.080000
0.777778 0.209464 0.428571 0.111111 0.994810 0.500462 0.250000 1.000000 28.030001
0.777778 0.166667 0.428571 0.111111 0.986379 0.439271 0.250000 1.000000 29.020000
0.436042 0.481010 0.285714 0.679813 0.312575 0.463831 0.250000 1.000000 27.030001
0.666667 0.250000 0.285714 0.333333 1.000000 0.333333 0.250000 0.520740 26.450001
0.635362 0.311900 0.285714 0.333333 1.000000 0.666667 0.250000 1.000000 25.360001
0.666667 0.250000 0.285714 0.304059 1.000000 0.233783 0.744339 1.000000 26.450001
0.555556 0.339321 0.428571 0.324061 1.000000 0.000000 0.250000 1.000000 24.370001
0.555556 0.333333 0.428571 0.313358 0.980978 0.333333 0.250000 1.000000 23.889999
0.555556 0.333333 0.424880 0.333333 1.000000 0.666667 0.728886 0.744169 22.889999
0.555556 0.333333 0.440624 0.333333 0.980618 1.000000 0.250000 1.000000 23.860001
0.472222 0.416667 0.524215 0.333333 1.000000 0.000000 0.250000 1.000000 37.029999
0.472222 0.416667 0.513783 0.333333 1.000000 0.333333 0.250000 1.000000 36.709999
0.449854 0.416667 0.594681 0.306950 0.990288 0.666667 0.250000 0.680719 36.770000
0.472222 0.416667 0.571429 0.339221 1.000000 1.000000 0.250000 0.605953 35.480000
0.354383 0.500000 1.000000 0.111111 1.000000 0.000000 0.250000 1.000000 32.310001
0.388889 0.521528 1.000000 0.111111 1.000000 0.333333 0.250000 1.000000 33.209999
0.388889 0.520042 1.000000 0.111111 1.000000 0.339832 0.786689 1.000000 32.459999
0.388889 0.491797 0.967560 0.111111 0.965683 1.000000 0.250000 0.556191 33.270000
0.308684 0.583333 0.000000 1.000000 -0.007274 0.655403 0.250000 1.000000 10.470000
0.333333 0.583333 0.000000 1.031096 -0.004642 0.686949 0.250000 1.000000 10.370000
0.333333 0.617626 0.000000 1.000000 0.000000 0.666667 0.250000 1.000000 10.340000
0.333333 0.583333 0.000000 1.005950 0.000000 1.000000 0.622679 1.000000 10.390000
0.253155 0.666667 0.142857 1.000000 0.000000 0.546655 0.250000 0.671604 10.780000
0.271019 0.666667 0.142857 1.000000 -0.016094 0.539906 0.250000 1.000000 10.700000
0.250000 0.666667 0.200521 1.000000 0.000000 0.666667 0.250000 1.000000 10.670000
0.250000 0.666667 0.233674 1.018753 0.000000 1.000000 0.250000 0.712434 13.690000
0.194444 0.801686 0.285714 1.000000 -0.015560 0.000000 0.250000 1.000000 11.210000
0.194444 0.775041 0.285714 1.000000 -0.015349 0.333333 0.250000 1.000000 11.140000
0.155607 0.750000 0.285714 1.000000 0.000000 0.666667 0.250000 1.000000 11.110000
0.194444 0.750000 0.331431 1.025514 0.000000 1.000000 0.250000 1.000000 11.160000
0.111111 0.865693 0.428571 1.000000 0.000000 0.000000 0.497789 0.560539 11.380000
0.103409 0.833333 0.428571 1.000000 -0.012828 0.333333 0.412330 1.000000 11.340000
0.111111 0.833333 0.428571 1.000000 -0.005692 0.725448 0.250000 1.000000 11.220000
0.111111 0.895967 0.428571 1.033925 0.000000 1.000000 0.250000 1.000000 11.340000
0.055556 0.916667 0.571429 1.000000 0.000000 0.000000 0.250000 1.000000 15.160000
0.055556 0.958758 0.571429 1.014843 0.000000 0.333333 0.250000 0.646523 15.370000
0.018850 0.916667 0.571429 1.028347 0.000000 0.838385 0.250000 1.000000 15.120000
0.020367 0.916667 0.571429 1.023266 0.000000 1.000000 0.250000 1.000000 15.360000
0.000000 1.000000 0.714286 1.000000 0.000000 0.778978 0.250000 1.000000 12.590000
0.025487 1.000000 0.644343 1.000000 0.000000 0.562663 0.677760 1.000000 12.740000
0.000000 1.000000 0.702780 1.000000 0.000000 0.666667 0.250000 1.000000 12.800000
0.000000 1.000000 0.714286 1.036974 0.000000 1.000000 0.250000 1.000000 12.620000
1.000000 0.000000 0.285714 0.000000 1.000000 0.354640 0.648126 0.200000 28.150000
1.026777 0.000000 0.285714 0.000000 0.991688 0.333333 0.625000 0.200000 28.150000
0.663946 0.287160 0.434449 0.209138 1.000000 0.666667 0.625000 0.200000 28.370001
0.999597 0.032578 0.285714 0.000000 1.000000 1.000000 0.625000 0.200000 28.410000
0.777778 0.166667 0.428571 0.194182 0.983076 0.000000 0.625000 0.200000 32.680000
0.792685 0.199864 0.428571 0.111111 1.000000 0.596486 0.625000 0.525805 33.480000
0.663065 0.286284 0.412183 0.210718 1.000000 0.542129 0.625000 0.200000 32.840000
0.777778 0.166667 0.428571 0.111111 0.986971 1.000000 0.625000 0.727547 32.000000
0.650865 0.315406 0.285714 0.333333 0.927533 0.506283 0.625000 0.200000 29.540001
0.672348 0.281231 0.443257 0.191922 1.000000 0.333333 0.625000 0.200000 30.049999
0.667578 0.250000 0.285714 0.333333 0.985035 0.445035 0.625000 0.690777 29.600000
0.666667 0.308987 0.320626 0.333333 0.964981 0.587319 0.625000 0.200000 28.660000
0.555556 0.333333 0.369404 0.333333 1.000000 0.000000 0.625000 0.200000 26.840000
0.555556 0.333333 0.391602 0.333333 0.984239 0.333333 0.625000 0.200000 27.270000
0.555556 0.339501 0.428571 0.333333 1.000000 0.666667 0.625000 0.200000 26.969999
0.573297 0.327897 0.448151 0.333333 1.000000 1.000000 0.625000 0.200000 26.190001
0.472222 0.416667 0.571429 0.333333 1.000000 0.000000 0.656031 0.515052 38.669998
0.489661 0.416667 0.515232 0.333333 1.000000 0.326286 0.579344 0.200000 40.029999
0.472222 0.416667 0.571429 0.333333 1.000000 0.442297 0.625000 0.200000 39.860001
0.458661 0.416667 0.571429 0.333333 1.000000 0.309149 0.655115 0.200000 39.040001
0.388889 0.497504 1.000000 0.130576 0.959531 0.000000 0.625000 0.200000 36.959999
0.436384 0.500000 0.733740 0.243383 1.000000 0.333333 0.625000 0.200000 36.130001
0.388889 0.500000 1.000000 0.111111 0.994459 0.647771 0.625000 0.200000 36.910000
0.388889 0.500000 1.000000 0.111111 1.000000 1.000000 0.625000 0.200000 36.430000
0.333333 0.583333 0.000000 0.991436 0.000000 0.000000 0.625000 0.555197 12.430000
0.333333 0.659372 0.067366 1.000000 0.000000 0.715562 0.619269 0.200000 12.500000
0.287976 0.619532 0.000000 1.000000 -0.026068 0.666667 0.625000 0.607343 12.410000
0.333333 0.583333 0.053688 1.000000 0.000000 1.000000 0.661698 0.200000 12.450000
0.250000 0.666667 0.142857 1.000000 -0.025433 0.000000 0.625000 0.652794 12.570000
0.250000 0.666667 0.142857 1.000000 0.000000 0.525224 0.721345 0.200000 12.650000
0.250000 0.708660 0.142857 1.000000 0.000000 0.564848 0.712567 0.200000 12.570000
0.250000 0.666667 0.162337 1.000000 0.000000 0.605387 0.635396 0.200000 12.630000
0.194444 0.750000 0.312449 1.000000 -0.020184 0.000000 0.625000 0.200000 12.780000
0.194444 0.781815 0.285714 1.000000 0.000000 0.333333 0.609249 0.200000 12.930000
0.194444 0.816275 0.285714 1.016691 0.000000 0.666667 0.625000 0.200000 12.730000
0.194444 0.750000 0.285714 1.000000 0.000000 1.000000 0.644420 0.595165 12.720000
0.111111 0.833333 0.462826 1.002818 0.000000 0.000000 0.625000 0.587063 13.170000
0.111111 0.833333 0.450161 1.013000 -0.010477 0.333333 0.625000 0.620728 13.180000
0.093090 0.833333 0.428571 1.000000 0.000000 0.666667 0.625000 0.200000 13.170000
0.111111 0.879389 0.428571 1.000000 0.000000 0.631324 0.625000 0.200000 13.180000
0.055556 0.916667 0.571429 1.010911 0.000000 0.000000 0.400763 0.200000 17.500000
0.055556 0.916667 0.571429 1.000000 -0.010856 0.486654 0.623239 0.200000 17.350000
0.055556 0.916667 0.571429 1.000000 0.000000 0.652280 0.640104 0.576117 17.520000
0.055556 0.916667 0.571429 1.000000 0.000000 0.582540 0.591463 0.200000 17.370001
-0.003434 1.000000 0.714286 1.000000 -0.008716 0.000000 0.505981 0.200000 15.090000
-0.004588 1.000000 0.711634 1.010825 0.000000 0.580501 0.625000 0.580411 15.120000
0.000000 1.000000 0.739800 1.000000 0.000000 0.666667 0.625000 0.200000 15.080000
-0.008645 1.000000 0.714286 1.000000 -0.007324 0.328799 0.625000 0.200000 15.160000
1.000000 0.046092 0.293784 0.000000 0.993410 0.000000 0.625000 0.400000 28.670000
1.000000 0.000000 0.285714 0.036623 0.989107 0.333333 0.625000 0.400000 28.570000
1.000000 0.027081 0.285714 0.000000 0.992502 0.666667 0.567253 0.400000 28.180000
1.000000 0.000000 0.285714 0.000000 1.001611 1.000000 0.625000 0.400000 28.600000
0.806499 0.166667 0.428571 0.111111 1.001040 0.000000 0.625000 0.650187 32.459999
0.777778 0.166667 0.428571 0.176137 0.988083 0.401191 0.625000 0.702790 33.270000
0.801387 0.166667 0.428571 0.111111 1.000000 0.666667 0.625000 0.400000 32.330002
0.812329 0.166667 0.430596 0.111111 0.986807 1.000000 0.625000 0.614928 31.660000
0.666667 0.250000 0.285714 0.333333 1.000000 0.000000 0.625000 0.400000 29.340000
0.666667 0.250000 0.285714 0.333333 1.000000 0.333333 0.625000 0.400000 29.870001
0.666667 0.286794 0.285714 0.333333 1.000000 0.488472 0.625000 0.523628 29.270000
0.666667 0.250000 0.285714 0.333333 0.986505 1.000000 0.625000 0.400000 28.400000
0.555556 0.333333 0.387748 0.333333 1.000000 0.623369 0.625000 0.400000 25.740000
0.555556 0.333333 0.397637 0.333333 0.993262 0.365312 0.617645 0.400000 25.980000
0.578960 0.333333 0.428571 0.333333 1.000000 0.338705 0.703148 0.400000 25.379999
0.555556 0.333333 0.428571 0.333327 1.000000 1.000000 0.625000 0.625331 24.940001
0.511436 0.416667 0.535039 0.333333 1.000000 0.625598 0.625000 0.400000 38.570000
0.472222 0.416667 0.571429 0.333333 1.000000 0.333333 0.625000 0.400000 40.189999
0.472222 0.441786 0.571429 0.333333 1.000000 0.666667 0.732054 0.400000 39.970001
0.472222 0.416667 0.581819 0.316051 0.987394 1.000000 0.625000 0.400000 38.980000
0.388889 0.504075 1.000000 0.116599 1.000000 0.671160 0.780792 0.400000 36.950001
0.388889 0.500000 1.000000 0.111111 0.964826 0.333333 0.625000 0.400000 36.279999
0.388889 0.505337 1.000000 0.111111 1.000000 0.518490 0.625000 0.400000 36.860001
0.388889 0.500000 0.977737 0.111111 1.000000 1.000000 0.625000 0.445649 36.450001
0.333333 0.583333 0.000000 1.000000 -0.027420 0.394607 0.625000 0.400000 12.350000
0.289174 0.583333 0.000000 1.000000 0.000000 0.333333 0.625000 0.400000 12.450000
0.333333 0.583333 0.016803 1.000000 0.000000 0.666667 0.625000 0.614849 12.160000
0.333333 0.583333 0.000000 1.000000 0.000000 0.428857 0.625000 0.400000 12.300000
0.250000 0.704567 0.142857 1.000000 -0.025283 0.452850 0.625000 0.597663 12.330000
0.233358 0.666667 0.142857 1.014506 0.000000 0.388115 0.625000 0.400000 12.290000
0.242481 0.666667 0.142857 1.033553 -0.006702 0.666667 0.625000 0.400000 12.200000
0.250000 0.666667 0.142857 1.005152 0.000000 0.490821 0.688380 0.400000 12.490000
0.158876 0.750000 0.285714 1.000000 0.000000 0.000000 0.625000 0.400000 12.850000
0.194444 0.770011 0.285714 1.000000 0.000000 0.333333 0.625000 0.613355 12.870000
0.549279 0.399288 0.285714 0.467199 0.704023 0.666667 0.625000 0.612917 12.730000
0.194444 0.750000 0.332010 1.000000 0.000000 1.000000 0.776419 0.657062 12.950000
0.111111 0.833333 0.488585 1.002987 0.000000 0.000000 0.625577 0.670826 13.050000
0.111111 0.880304 0.484357 1.017565 0.000000 0.333333 0.625000 0.400000 12.930000
0.111111 0.833333 0.428571 1.019238 0.000000 0.616993 0.625000 0.613060 12.770000
0.111111 0.833333 0.428571 1.025056 0.000000 1.000000 0.604339 0.627621 13.000000
0.019569 0.976692 0.571429 1.000000 -0.005579 0.000000 0.625000 0.551856 17.139999
0.055556 0.962552 0.609445 1.000000 -0.012283 0.419217 0.625000 0.548009 16.840000
0.026076 0.916667 0.571429 1.000000 0.000000 0.666667 0.625000 0.400000 17.020000
0.055556 0.916667 0.571429 1.000000 0.000000 1.000000 0.625000 0.672447 17.110001
0.000000 1.022999 0.714286 1.000000 0.000000 0.000000 0.625000 0.400000 14.340000
0.000000 1.000000 0.714286 1.000000 0.000000 0.628225 0.625000 0.400000 14.660000
0.000000 1.000000 0.714286 1.000000 -0.006816 0.666667 0.625000 0.400000 14.600000
0.000000 1.000000 0.714286 1.000000 0.000000 1.000000 0.625000 0.400000 14.600000
1.000000 0.000000 0.298878 0.000000 1.000000 0.457954 0.625000 0.600000 28.670000
1.000000 0.000000 0.285714 0.000000 1.000000 0.333333 0.625000 0.658083 28.559999
1.024497 0.000000 0.285714 0.000000 1.000000 0.666667 0.701797 0.600000 28.170000
1.000000 0.000000 0.285714 0.000000 1.000321 1.000000 0.536557 0.600000 28.629999
0.777778 0.222580 0.434309 0.111111 1.000000 0.000000 0.637476 0.553693 31.629999
0.777778 0.166667 0.428571 0.111111 1.000000 0.333333 0.625000 0.600000 32.400002
0.763855 0.166667 0.428571 0.179433 1.000000 0.666667 0.625000 0.698345 32.680000
0.777778 0.166667 0.428571 0.146488 0.985033 0.409504 0.606619 0.600000 32.290001
0.666667 0.250000 0.285714 0.333333 1.000000 0.000000 0.625000 0.556399 28.400000
0.665764 0.250000 0.285714 0.333333 0.987203 0.333333 0.591127 0.600000 29.400000
0.666667 0.266359 0.352074 0.268537 1.000000 0.666667 0.625000 0.600000 29.430000
0.666667 0.269302 0.340179 0.333333 1.000000 1.000000 0.797795 0.600000 29.070000
0.555556 0.333333 0.428571 0.344011 0.993281 0.429605 0.625000 0.600000 24.700001
0.555556 0.339492 0.428571 0.333333 1.000000 0.610279 0.625000 0.560496 25.480000
0.555556 0.333333 0.428571 0.333333 1.000000 0.666667 0.712529 0.600000 25.370001
0.555556 0.334954 0.421352 0.333333 1.000000 1.000000 0.625000 0.613453 25.170000
0.472222 0.435547 0.571429 0.333333 0.960900 0.000000 0.625000 0.600000 39.040001
0.475146 0.416667 0.571429 0.333333 1.000000 0.333333 0.658397 0.600000 38.349998
0.480689 0.416667 0.571429 0.351870 1.000000 0.666667 0.625000 0.600000 39.810001
0.472222 0.416667 0.571429 0.333333 1.000000 1.000000 0.625000 0.600000 39.830002
0.388889 0.514102 1.000000 0.111111 1.000000 0.000000 0.625000 0.600000 35.990002
0.388889 0.500000 0.958509 0.137396 1.000000 0.333333 0.726493 0.600000 36.590000
0.388889 0.500000 1.000000 0.113079 1.000000 0.618578 0.625000 0.376249 35.639999
0.388889 0.500000 0.952589 0.156218 1.000000 1.000000 0.672435 0.600000 36.520000
0.333333 0.583333 0.000000 1.000000 0.000000 0.434350 0.540036 0.568091 11.800000
0.333333 0.583333 0.000000 1.000000 0.000000 0.333333 0.633566 0.600000 12.030000
0.333333 0.583333 0.017632 1.000000 0.000000 0.491927 0.625000 0.600000 11.980000
0.333333 0.583333 0.000000 1.000000 0.000000 1.000000 0.625000 0.691752 11.690000
0.250000 0.666667 0.142857 1.028200 -0.025887 0.000000 0.625000 0.600000 12.410000
0.250000 0.729280 0.217640 1.000000 0.000000 0.640424 0.586528 0.528072 12.280000
0.250000 0.666667 0.142857 1.011811 0.000000 0.374533 0.623159 0.600000 12.100000
0.222119 0.713942 0.142857 1.029662 0.000000 1.000000 0.625000 0.600000 12.190000
0.194444 0.750000 0.285714 1.000000 0.000000 0.000000 0.625000 0.600000 12.340000
0.161525 0.750000 0.285714 1.000000 0.000000 0.333333 0.625000 0.600000 12.460000
0.194444 0.750000 0.285714 1.017944 0.000000 0.666667 0.553394 0.600000 12.310000
0.194444 0.750000 0.320206 1.000000 0.000000 1.000000 0.686158 0.600000 12.120000
0.111111 0.833333 0.428571 1.000000 0.000000 0.629498 0.625000 0.600000 12.970000
0.111111 0.833333 0.428571 1.000000 0.000000 0.333333 0.625000 0.631703 13.010000
0.111111 0.833333 0.421556 1.000000 0.000000 0.666667 0.625000 0.600000 12.740000
0.111111 0.833333 0.428571 1.000000 0.000000 1.000000 0.669018 0.600000 12.840000
0.043585 0.916667 0.571429 1.017947 0.000000 0.566936 0.643408 0.524098 16.830000
0.055556 0.980769 0.571429 1.016320 0.000000 0.333333 0.625000 0.689018 16.930000
0.055556 0.964912 0.610604 1.017653 0.000000 0.666667 0.625000 0.600000 16.660000
0.034059 0.916667 0.571429 1.030312 0.003270 0.408437 0.625000 0.600000 16.860001
0.000000 1.000000 0.714286 1.011153 0.000000 0.000000 0.568809 0.600000 13.910000
0.000000 1.019147 0.695689 1.020962 0.000000 0.333333 0.625000 0.600000 14.340000
0.000000 1.000000 0.714286 1.000000 0.000000 0.666667 0.625000 0.600000 13.950000
0.000000 0.994145 0.679169 1.000000 0.000000 1.000000 0.625000 0.606902 13.990000
1.000000 0.000000 0.285714 0.037485 0.994465 0.000000 0.625000 0.800000 28.700001
1.000000 0.045651 0.285714 0.000000 1.000000 0.333333 0.625000 0.800000 28.549999
1.000000 0.000000 0.285714 0.000000 0.998650 0.549340 0.625000 0.650396 28.150000
1.000000 0.000000 0.318085 0.000000 1.009863 1.000000 0.523919 0.800000 28.620001
0.777778 0.166667 0.411693 0.111111 0.998253 0.000000 0.625000 0.800000 32.669998
0.777778 0.166667 0.428571 0.111111 1.000000 0.333333 0.625000 0.800000 31.690001
0.807381 0.166667 0.383019 0.147695 1.000000 0.666667 0.625000 0.800000 32.070000
0.830117 0.166667 0.428571 0.111111 0.986397 1.000000 0.625000 0.697823 33.279999
0.673613 0.250000 0.285714 0.306499 1.000000 0.469885 0.625000 0.800000 29.469999
0.666667 0.250000 0.285714 0.313897 0.990696 0.333333 0.625000 0.800000 28.420000
0.647394 0.250000 0.350720 0.333333 1.000000 0.666667 0.625000 0.709655 29.080000
0.668951 0.250000 0.285714 0.333333 1.000000 1.000000 0.625000 0.800000 29.879999
0.579665 0.334188 0.428571 0.333333 1.000000 0.655014 0.625000 0.542145 25.660000
0.555556 0.333333 0.416890 0.333333 1.000000 0.333333 0.625000 0.800000 24.959999
0.555556 0.364355 0.428571 0.333333 1.005415 0.441106 0.659339 0.800000 25.430000
0.555556 0.333333 0.428571 0.333333 1.000000 1.000000 0.625000 0.800000 26.000000
0.472222 0.416667 0.571429 0.349237 1.006026 0.459493 0.625000 0.800000 40.000000
0.472222 0.444298 0.571429 0.333333 0.978795 0.333333 0.522437 0.800000 38.840000
0.481003 0.416667 0.571429 0.333333 1.011626 0.471981 0.625000 0.800000 38.330002
0.472222 0.410344 0.562434 0.333333 1.000000 1.000000 0.625000 0.800000 40.119999
0.388889 0.529231 1.000000 0.111111 0.992317 0.000000 0.625000 0.800000 36.950001
0.388889 0.500000 1.000000 0.133262 0.991444 0.333333 0.625000 0.800000 36.450001
0.364275 0.500000 0.957665 0.111111 1.000000 0.666667 0.625000 0.497643 36.810001
0.388889 0.498650 1.000000 0.111111 1.000000 0.549987 0.625000 0.530068 36.259998
0.333333 0.623177 0.000000 1.000000 -0.043623 0.000000 0.696240 0.800000 12.320000
0.285175 0.616896 0.000000 1.000000 0.000000 0.333333 0.625000 0.800000 12.300000
0.302059 0.601028 0.000000 1.000000 0.000000 0.666667 0.630228 0.611660 12.180000
0.294848 0.583333 0.025304 1.000000 0.000000 1.000000 0.625000 0.800000 12.430000
0.250000 0.666667 0.142857 1.000000 0.000000 0.000000 0.686789 0.800000 12.360000
0.236095 0.666667 0.142857 1.000000 -0.021705 0.371357 0.625000 0.570129 12.490000
0.226747 0.666667 0.104410 1.000000 0.000000 0.666667 0.625000 0.603888 12.170000
0.085433 0.861131 0.491339 0.989205 0.000000 1.000000 0.625000 0.800000 12.280000
0.194444 0.750000 0.285714 1.000000 0.000000 0.487643 0.625000 0.800000 12.910000
0.194444 0.793937 0.285714 1.000000 0.000000 0.522970 0.625000 0.800000 12.950000
0.194444 0.799268 0.285714 1.000000 0.000000 0.666667 0.591091 0.800000 12.670000
0.194444 0.750000 0.307871 1.013547 0.000000 1.000000 0.625000 0.686226 12.860000
0.111111 0.833333 0.428571 1.000000 0.000000 0.000000 0.625000 0.800000 12.950000
0.111111 0.833333 0.428571 1.000000 0.000000 0.333333 0.625000 0.800000 13.000000
0.094754 0.860201 0.434215 1.005342 0.000000 0.594962 0.625000 0.655348 12.860000
0.111111 0.833333 0.428571 1.026245 -0.002216 1.000000 0.630973 0.800000 12.920000
0.055556 0.965318 0.601424 1.000000 0.000000 0.000000 0.700053 0.800000 16.990000
0.055556 0.916667 0.571429 1.000000 0.000000 0.694791 0.625000 0.635839 16.690001
0.055556 0.916667 0.571429 1.017440 0.000000 0.632535 0.625000 0.646170 16.559999
0.055556 0.916667 0.571429 1.000000 0.000670 0.517919 0.659952 0.800000 16.620001
0.000000 1.000000 0.714286 1.016254 0.000000 0.000000 0.603990 0.800000 14.330000
-0.011456 1.000000 0.714286 1.000000 0.000000 0.333333 0.625000 0.800000 14.610000
-0.002734 1.037897 0.714286 1.025054 0.000000 0.618340 0.684179 0.583078 14.610000
0.000000 1.000000 0.714286 1.000000 0.006124 1.000000 0.625000 0.696124 14.650000
1.000000 0.000000 0.285714 0.000000 1.000000 0.000000 0.599819 1.000000 28.690001
1.026694 0.031759 0.285714 0.000000 1.000000 0.480187 0.625000 0.625933 28.580000
1.022220 0.000000 0.305482 0.043096 1.000000 0.666667 0.625000 1.000000 28.150000
1.039618 0.000000 0.285714 0.000000 1.000000 1.000000 0.625000 1.000000 28.610001
0.777778 0.166667 0.358328 0.185621 1.000000 0.000000 0.582340 1.000000 33.130001
0.777778 0.166667 0.428571 0.111111 1.003888 0.333333 0.625000 1.000000 32.310001
0.777778 0.178345 0.428571 0.111111 1.000000 0.666667 0.625000 0.615062 31.530001
0.777778 0.166667 0.428571 0.181052 1.000000 0.446126 0.625000 1.000000 32.459999
0.666667 0.250000 0.285714 0.356863 1.000000 0.000000 0.632747 1.000000 29.709999
0.742805 0.242144 0.419237 0.202331 1.000000 0.522020 0.625000 1.000000 29.090000
0.666667 0.250000 0.285714 0.313099 1.000000 0.666667 0.625000 1.000000 28.309999
0.684244 0.213800 0.285714 0.280714 1.000000 1.000000 0.936915 1.000000 29.389999
0.453407 0.487394 0.428571 0.508790 0.680213 0.000000 0.625000 1.000000 25.700001
0.555556 0.333333 0.428571 0.351157 1.000000 0.333333 0.646230 1.000000 25.170000
0.541104 0.333333 0.428571 0.344631 1.000000 0.666667 0.625000 1.000000 24.600000
0.555556 0.333333 0.428571 0.333333 1.000000 0.500730 0.625000 1.000000 25.490000
0.472222 0.416667 0.526853 0.333333 1.000000 0.000000 0.654981 1.000000 39.889999
0.547985 0.368588 0.460470 0.333333 1.000000 0.333333 0.641011 1.000000 39.830002
0.510951 0.416667 0.475138 0.370805 1.000000 0.584609 0.625000 1.000000 39.009998
0.472222 0.418177 0.571429 0.333333 1.000000 0.570952 0.625000 1.000000 38.650002
0.388889 0.500000 0.968340 0.095413 1.000000 0.667561 0.625000 0.507594 35.689999
0.388889 0.500000 1.000000 0.111111 1.000000 0.333333 0.783614 1.000000 36.639999
0.388889 0.500000 0.908837 0.174482 1.000000 0.666667 0.625000 1.000000 36.060001
0.388889 0.500000 1.000000 0.111111 1.000000 0.580381 0.595581 0.411411 36.700001
0.333333 0.633997 0.000000 1.000000 -0.045237 0.000000 0.625000 1.000000 12.120000
0.333333 0.583333 0.000000 1.039205 0.000000 0.631309 0.625000 1.000000 11.670000
0.278896 0.583333 0.003893 1.000000 0.000000 0.666667 0.625000 0.610144 11.640000
0.333333 0.583333 -0.009330 1.000000 -0.023890 1.000000 0.517432 0.551823 12.020000
0.226574 0.732023 0.142857 1.000000 0.000000 0.000000 0.625000 1.000000 12.270000
0.250000 0.666667 0.142857 1.000000 0.000000 0.333333 0.601118 1.000000 12.190000
0.246584 0.666667 0.076038 1.000000 -0.025005 0.666667 0.625000 0.563811 12.250000
0.250000 0.666667 0.142857 1.036906 -0.024470 1.000000 0.625000 1.000000 12.270000
0.194444 0.750000 0.340695 1.007323 0.000000 0.000000 0.609608 0.721842 12.470000
0.194444 0.807477 0.285714 1.000000 0.000000 0.668543 0.625000 1.000000 12.120000
0.135082 0.824655 0.285714 1.052728 0.000000 0.666667 0.625000 1.000000 12.180000
0.183266 0.750000 0.285714 1.000000 -0.015311 1.000000 0.625000 0.652831 12.470000
0.111111 0.833333 0.483023 1.026658 0.000000 0.000000 0.701376 1.000000 12.930000
0.112133 0.833333 0.375599 1.000000 -0.003898 0.512942 0.625000 1.000000 12.820000
0.111111 0.897647 0.479041 1.030005 0.000000 0.666667 0.625000 1.000000 12.780000
0.111111 0.833333 0.428571 1.000000 -0.007205 1.000000 0.625000 1.000000 13.020000
0.055556 0.966671 0.571429 1.008344 0.000000 0.000000 0.625000 0.639017 16.730000
0.194470 0.728358 0.571429 0.753671 0.270554 0.333333 0.420524 1.000000 16.860001
0.026292 0.916667 0.571429 1.000000 0.000000 0.666667 0.625000 0.528543 16.760000
0.055556 0.916667 0.571429 1.000000 0.000000 1.000000 0.625000 1.000000 16.920000
0.000000 1.025818 0.714286 1.032385 0.004255 0.594411 0.625000 1.000000 13.680000
-0.020062 1.000000 0.714286 1.000000 -0.021692 0.333333 0.625000 1.000000 13.990000
0.000000 1.021051 0.714286 1.000000 0.000000 0.770227 0.625000 1.000000 14.160000
-0.008585 0.997924 0.714286 1.022582 0.000000 1.000000 0.625000 1.000000 13.860000
1.003298 0.048256 0.285714 0.000000 1.000000 0.000000 1.000000 0.200000 32.259998
1.000000 0.000000 0.285714 0.050405 1.000000 0.461344 1.000000 0.200000 32.259998
0.598239 0.381531 0.285714 0.443906 0.685844 0.666667 1.000000 0.200000 32.490002
1.000000 0.000000 0.285714 0.048724 1.018365 1.000000 1.000000 0.651756 32.529999
0.777778 0.212431 0.428571 0.111111 1.000000 0.000000 0.518443 0.200000 36.470001
0.806406 0.166667 0.428571 0.111111 0.982677 0.333333 0.558229 0.200000 37.240002
0.777778 0.166667 0.384178 0.111111 1.000000 0.666667 1.000000 0.200000 36.660000
0.759993 0.166667 0.428571 0.166110 0.977807 1.000000 0.595590 0.200000 35.959999
0.666667 0.250000 0.285714 0.333333 1.000000 0.000000 0.562991 0.200000 31.889999
0.666667 0.250000 0.285714 0.333333 0.981640 0.333333 0.533386 0.200000 32.389999
0.666667 0.250000 0.285714 0.333333 1.000000 0.666667 1.000000 0.200000 32.090000
0.666667 0.250000 0.289124 0.333333 1.000000 0.461715 1.000000 0.697714 31.290001
0.555556 0.333333 0.428571 0.333333 0.963120 0.000000 0.588772 0.562124 29.219999
0.564460 0.333333 0.428571 0.333333 0.979717 0.537359 1.000000 0.200000 29.910000
0.555556 0.333333 0.428571 0.332345 1.000000 0.666667 0.632490 0.200000 29.530001
0.572190 0.333333 0.428571 0.333333 1.000000 1.000000 1.000000 0.828027 28.650000
0.472222 0.416667 0.571429 0.368412 1.000000 0.000000 1.000000 0.200000 41.400002
0.472222 0.442466 0.670981 0.278782 1.000000 0.597426 1.000000 0.602297 42.619999
0.470554 0.416667 0.571429 0.333333 1.000000 0.666667 0.649432 0.589885 42.500000
0.470568 0.416667 0.571429 0.333333 1.000000 0.258968 1.000000 0.630957 41.669998
0.366708 0.500000 0.945484 0.111111 1.000000 0.739967 1.000000 0.200000 40.779999
0.388889 0.500000 1.000000 0.111111 1.000000 0.655528 1.000000 0.631014 39.970001
0.394409 0.506432 1.000000 0.111111 1.000000 0.666667 1.000000 0.200000 40.709999
0.388889 0.500000 1.000000 0.111111 1.003572 1.000000 1.000000 0.559313 40.430000
0.301558 0.583333 0.000000 0.980841 0.000000 0.000000 1.000000 0.200000 14.520000
0.288930 0.626159 0.000000 1.000000 0.000000 0.333333 1.000000 0.200000 14.610000
0.333333 0.639766 0.000000 1.000000 0.000000 0.666667 1.000000 0.200000 14.500000
0.114778 0.830505 0.445653 0.986955 0.000000 1.000000 1.000000 0.200000 14.550000
0.232986 0.666667 0.142857 1.000000 0.000000 0.000000 1.000000 0.659242 14.510000
0.209877 0.666667 0.142857 1.000000 0.000000 0.333333 1.000000 0.615719 14.600000
0.250000 0.750988 0.242146 1.000000 0.000000 0.666667 1.000000 0.200000 14.500000
0.250000 0.666667 0.142857 1.000000 0.000000 1.000000 1.000000 0.200000 14.580000
0.156726 0.750000 0.285714 1.000000 0.000000 0.000000 1.000000 0.200000 14.510000
0.194444 0.750000 0.285714 1.000000 0.000000 0.571680 0.668498 0.200000 14.700000
0.194444 0.750000 0.285714 1.000000 0.000000 0.716973 1.000000 0.200000 14.420000
0.185986 0.750000 0.285714 1.000000 -0.020775 0.555022 1.000000 0.200000 14.420000
0.111111 0.833333 0.402270 1.000000 0.000000 0.000000 1.000000 0.746846 15.230000
0.111111 0.874586 0.428104 1.000000 -0.011911 0.483013 1.000000 0.734827 15.230000
0.082703 0.833333 0.428571 1.000000 0.000000 0.666667 0.655508 0.200000 15.230000
0.123809 0.833333 0.428571 0.994593 0.000000 1.000000 1.000000 0.200000 15.230000
0.055556 0.916667 0.593873 1.000000 0.000000 0.472116 1.000000 0.707594 19.520000
0.055556 0.916667 0.591929 1.000000 0.000000 0.602568 1.000000 0.200000 19.360001
0.055556 0.916667 0.571429 1.018130 -0.013992 0.666667 0.566243 0.548034 19.480000
0.055556 0.968586 0.571429 1.012884 -0.035244 0.532771 0.519747 0.200000 19.420000
0.086264 0.882950 0.419092 1.000000 -0.010802 0.000000 0.521173 0.200000 15.090000
0.140434 0.822411 0.287555 1.000000 0.000000 0.333333 1.000000 0.200000 17.170000
0.000000 1.000000 0.714286 1.000000 0.000000 0.666667 1.000000 0.200000 17.139999
0.000000 1.000000 0.714286 1.000000 -0.000197 1.000000 0.729105 0.627961 17.139999
1.000000 0.000000 0.285714 0.043153 1.000000 0.000000 0.659198 0.400000 32.820000
1.000000 0.000000 0.285714 0.000000 1.000000 0.333333 1.000000 0.620628 32.709999
1.000000 0.000000 0.293364 0.000000 1.000000 0.666667 1.000000 0.621936 32.240002
1.000000 0.000000 0.285714 0.000000 1.000000 0.557933 1.000000 0.400000 32.720001
0.753017 0.166667 0.428571 0.111111 1.000000 0.000000 0.686314 0.400000 35.840000
0.778093 0.166667 0.447036 0.111111 1.000000 0.212819 1.000000 0.639179 36.570000
0.777778 0.166667 0.389387 0.111111 1.000000 0.666667 1.000000 0.400000 36.060001
0.778093 0.166667 0.447036 0.111111 1.000000 0.212819 1.000000 0.639179 35.689999
0.666667 0.250000 0.285714 0.333333 0.969112 0.000000 1.000000 0.652775 32.480000
0.666667 0.250000 0.320414 0.333333 1.000000 0.333333 1.000000 0.764612 32.740002
0.666667 0.317089 0.375304 0.333333 1.000000 0.666667 1.000000 0.400000 32.130001
0.666667 0.237040 0.285714 0.270120 1.000000 1.000000 1.000000 0.400000 31.639999
0.555556 0.346643 0.419080 0.333333 1.000000 0.504954 0.703319 0.542624 28.950001
0.555556 0.333333 0.428994 0.356295 1.000000 0.333333 0.605253 0.400000 29.490000
0.555556 0.337376 0.374398 0.333333 1.000000 0.595815 0.648126 0.400000 28.639999
0.555556 0.333333 0.428571 0.333333 1.000000 0.544100 1.000000 0.400000 28.010000
0.472222 0.416667 0.522554 0.333333 0.977830 0.000000 0.597096 0.400000 41.639999
0.472222 0.414626 0.571429 0.333333 1.000000 0.333333 1.000000 0.726302 43.099998
0.472222 0.416667 0.643956 0.333333 1.000000 0.666667 1.000000 0.400000 42.740002
0.472222 0.416667 0.571429 0.299703 1.000000 0.309050 1.000000 0.690929 41.919998
0.629660 0.308504 0.571383 0.111111 1.000000 0.000000 0.640557 0.400000 40.779999
0.359766 0.500000 1.000000 0.111111 0.976270 0.333333 1.000000 0.400000 40.150002
0.388889 0.500000 0.944371 0.119466 0.972425 0.555264 1.000000 0.553891 40.570000
0.362250 0.500000 0.850511 0.215154 0.968695 1.000000 0.592498 0.676380 40.419998
0.082040 0.859447 0.371659 1.000000 -0.019815 0.000000 0.598509 0.528456 14.540000
0.333333 0.583333 0.000000 1.021494 -0.020066 0.333333 0.682748 0.400000 14.450000
0.333333 0.583333 0.000000 1.000000 0.000000 0.666667 1.000000 0.400000 14.180000
0.333333 0.583333 -0.003617 1.000000 0.000000 0.677028 1.000000 0.400000 14.500000
0.236912 0.666667 0.142857 1.000000 0.005997 0.401404 1.000000 0.400000 14.700000
0.224549 0.666667 0.142857 1.000000 -0.019682 0.333333 0.761024 0.400000 14.660000
0.236756 0.666667 0.142857 1.020675 0.000389 0.666667 1.000000 0.400000 14.400000
0.250000 0.666667 0.168992 1.000000 0.000000 0.718984 0.706052 0.400000 14.710000
0.194444 0.805886 0.285714 1.010705 0.000000 0.667820 0.643589 0.400000 14.750000
0.179653 0.750000 0.285714 1.000000 0.011279 0.333333 1.000000 0.400000 14.710000
0.149475 0.815589 0.285714 1.000000 -0.005899 0.666667 0.727729 0.400000 14.330000
0.201433 0.750000 0.285714 1.004297 0.000000 1.000000 1.000000 0.400000 14.620000
0.111111 0.833333 0.408966 1.000000 -0.009704 0.622177 1.000000 0.400000 15.340000
0.111111 0.833333 0.381384 1.000000 -0.012970 0.333333 1.000000 0.715769 15.290000
0.129081 0.859250 0.428571 1.000000 0.000000 0.689902 1.000000 0.400000 15.090000
0.111111 0.833333 0.428571 1.000000 0.007696 1.000000 1.000000 0.400000 15.300000
0.055556 0.916667 0.571429 1.009632 0.000000 0.000000 1.000000 0.400000 19.200001
0.048338 0.916667 0.571429 1.000000 0.000000 0.582275 1.000000 0.560575 18.879999
0.055556 0.916667 0.571429 1.000000 -0.008205 0.666667 1.000000 0.400000 18.900000
0.026772 0.916667 0.571429 1.000000 0.000000 1.000000 1.000000 0.600167 19.120001
0.008037 1.000000 0.592532 1.022972 0.000000 0.000000 1.000000 0.400000 16.760000
-0.010307 1.000000 0.714286 1.000000 -0.007827 0.457363 1.000000 0.400000 17.230000
-0.015450 1.000000 0.714286 1.034765 0.000000 0.576050 1.000000 0.400000 17.260000
0.000000 1.000000 0.724710 1.022087 0.000000 1.000000 1.000000 0.749824 17.150000
1.000000 0.070801 0.285714 0.076200 1.000000 0.000000 1.000000 0.600000 32.820000
1.019004 0.000000 0.285714 0.000000 0.999551 0.333333 1.000000 0.600000 32.689999
1.026676 0.000000 0.285714 0.000000 1.000000 0.607606 1.000000 0.600000 32.230000
1.000000 0.000000 0.285714 0.000000 1.000000 1.000000 1.000000 0.645270 32.750000
0.777778 0.166667 0.428571 0.111111 1.000000 0.000000 1.000000 0.813131 34.240002
0.777778 0.166667 0.428571 0.146488 0.985033 0.409504 0.606619 0.600000 34.950001
0.748030 0.218934 0.428571 0.111111 1.000000 0.666667 1.000000 0.600000 35.049999
0.777778 0.177887 0.428571 0.169575 1.000000 0.398371 1.000000 0.710045 34.290001
0.642892 0.250000 0.313884 0.333333 1.000000 0.000000 1.000000 0.697850 31.280001
0.666667 0.250000 0.308313 0.316482 1.000000 0.425674 1.000000 0.717210 32.119999
0.666667 0.250000 0.339378 0.333333 0.994810 0.666667 0.675672 0.600000 32.049999
0.666667 0.250000 0.313314 0.333333 1.000000 0.559944 1.000000 0.600000 31.840000
0.566946 0.333333 0.428571 0.333333 1.000000 0.000000 1.000000 0.600000 28.670000
0.555556 0.333333 0.428571 0.333333 1.000000 0.333333 0.647499 0.600000 29.670000
0.542716 0.358732 0.481377 0.333333 1.000000 0.702473 1.000000 0.581355 29.469999
0.555556 0.333333 0.428571 0.333333 1.000000 1.000000 1.000000 0.600000 28.910000
0.471399 0.416667 0.571429 0.344360 0.951825 0.000000 0.497961 0.600000 41.259998
0.472222 0.416667 0.571429 0.332073 1.000000 0.333333 1.000000 0.726437 41.299999
0.472222 0.416667 0.604300 0.309820 1.000000 0.526674 1.000000 0.600000 42.490002
0.472222 0.416667 0.571429 0.333333 1.000000 0.554159 0.771991 0.600000 42.080002
0.388889 0.518390 1.000000 0.111111 1.000000 0.000000 0.646453 0.600000 39.320000
0.388889 0.500000 1.000000 0.111111 1.000000 0.333333 1.000000 0.600000 39.840000
0.388889 0.500000 0.974831 0.111111 0.977339 0.666667 0.672120 0.600000 38.889999
0.388889 0.500000 0.916073 0.180528 0.997143 1.000000 0.590315 0.600000 39.680000
0.285152 0.636292 0.000000 1.000000 -0.001679 0.000000 1.000000 0.600000 13.970000
0.333333 0.619473 0.000000 1.000000 -0.009512 0.333333 1.000000 0.600000 14.220000
0.333333 0.637618 0.000000 1.000000 -0.014216 0.270590 1.000000 0.600000 14.100000
0.302293 0.605021 0.000000 1.000000 0.000000 1.000000 0.639477 0.600000 13.780000
0.250000 0.666667 0.142857 1.000000 0.000000 0.000000 1.000000 0.699277 14.070000
0.250000 0.666667 0.142857 1.000000 0.000000 0.333333 1.000000 0.673388 14.030000
0.231314 0.666667 0.142857 1.000000 -0.005430 0.666667 0.652144 0.600000 13.940000
0.250000 0.666667 0.142857 1.003810 0.000000 1.000000 1.000000 0.687908 13.860000
0.142364 0.750000 0.285714 1.000000 0.000000 0.000000 0.519137 0.578500 14.320000
0.180522 0.750000 0.285714 1.000000 0.010977 0.490366 1.000000 0.600000 14.560000
0.150468 0.750000 0.285714 1.000000 0.000000 0.666667 0.565801 0.600000 14.330000
0.194444 0.749911 0.285714 1.000000 0.000000 1.000000 1.000000 0.600000 14.080000
0.118908 0.868884 0.428571 1.000000 0.000000 0.654740 1.000000 0.600000 15.160000
0.111111 0.833333 0.427774 1.023815 -0.005453 0.333333 1.000000 0.600000 15.180000
0.111111 0.833333 0.423372 1.000000 0.000000 0.666667 0.664203 0.600000 14.720000
0.111111 0.833333 0.428571 1.000000 0.000000 1.000000 0.669018 0.600000 14.900000
0.055556 0.916667 0.571429 1.000000 -0.003446 0.000000 1.000000 0.629754 18.480000
0.021600 0.916667 0.571429 1.000000 0.000000 0.333333 1.000000 0.616376 18.709999
0.055556 0.916667 0.577199 1.000000 0.000000 0.486930 1.000000 0.600000 18.480000
0.055556 0.916667 0.571429 1.000000 0.000000 0.630028 1.000000 0.600000 18.459999
0.000000 1.000000 0.696185 1.027039 0.000000 0.000000 1.000000 0.835208 16.469999
0.000000 1.000000 0.714286 1.015484 0.000000 0.574763 1.000000 0.600000 16.350000
0.000000 1.000000 0.714286 1.000000 0.000000 0.635822 0.592146 0.543039 16.549999
0.000000 1.000000 0.714286 1.000000 0.000000 1.000000 1.000000 0.600000 16.740000
1.021701 0.000000 0.285714 0.000000 1.000000 0.000000 1.000000 0.800000 32.849998
1.000000 0.000000 0.285714 0.041444 1.000000 0.569245 1.000000 0.800000 32.669998
1.000000 0.021243 0.294419 0.000000 1.000000 0.501420 1.000000 0.800000 32.209999
1.000000 0.000000 0.312880 0.035024 1.014327 1.000000 0.625094 0.800000 32.740002
0.777778 0.166667 0.428571 0.210805 1.000000 0.000000 1.000000 0.790075 36.450001
0.777778 0.166667 0.428571 0.111111 1.000000 0.333333 1.000000 0.800000 35.730000
0.605029 0.293522 0.428571 0.291931 1.000000 0.666667 0.776629 0.800000 35.400002
0.777778 0.166667 0.428571 0.111111 1.000000 1.000000 0.625224 0.800000 36.570000
0.666667 0.250000 0.285714 0.333333 1.000000 0.000000 0.676568 0.800000 32.380001
0.666667 0.250000 0.285714 0.333333 1.000000 0.457362 1.000000 0.800000 31.660000
0.666667 0.287370 0.285714 0.333333 1.000000 0.448647 1.000000 0.571434 32.150002
0.666667 0.250000 0.285714 0.333333 1.000000 1.000000 1.000000 0.800000 32.750000
0.555556 0.333333 0.428571 0.352515 0.946720 0.000000 0.511194 0.800000 28.930000
0.555556 0.333333 0.428571 0.333333 1.007340 0.431860 1.000000 0.800000 28.049999
0.555556 0.333333 0.428571 0.333333 1.000000 0.666667 1.000000 0.793989 28.639999
0.593171 0.298887 0.428571 0.333333 1.000000 1.000000 1.000000 0.800000 29.520000
0.472222 0.416667 0.571429 0.333333 0.978754 0.000000 1.000000 0.800000 42.770000
0.472222 0.419907 0.571429 0.323677 1.000000 0.607826 1.000000 0.800000 41.730000
0.472222 0.423083 0.571429 0.333333 1.000000 0.666667 1.000000 0.704368 41.320000
0.472222 0.416667 0.571429 0.333333 1.000000 1.000000 0.831160 0.800000 42.959999
0.388889 0.500000 0.973535 0.111111 1.000000 0.000000 1.000000 0.800000 40.680000
0.388889 0.500000 1.000000 0.121316 1.000000 0.333333 1.000000 0.800000 40.400002
0.388889 0.506671 1.000000 0.111111 1.000000 0.666667 1.000000 0.636086 40.599998
0.388889 0.527919 1.000000 0.126963 1.000000 1.000000 1.000000 0.800000 40.110001
0.333333 0.583333 0.061523 1.007428 -0.026021 0.000000 1.000000 0.800000 14.370000
0.333333 0.583333 0.000000 1.000000 0.000000 0.333333 0.596125 0.800000 14.480000
0.333333 0.583333 0.015068 1.000000 -0.012658 0.666667 1.000000 0.800000 14.320000
0.281241 0.583333 0.058243 1.000000 0.000000 1.000000 0.669620 0.800000 14.440000
0.231572 0.710669 0.142857 1.000000 -0.012375 0.000000 1.000000 0.800000 14.600000
0.250000 0.666667 0.142857 1.000000 0.000000 0.445887 1.000000 0.800000 14.700000
0.250000 0.666667 0.124163 1.000000 0.000000 0.666667 1.000000 0.800000 14.470000
0.250000 0.666667 0.158179 1.007973 0.000000 0.610756 1.000000 0.800000 14.660000
0.194444 0.779301 0.285714 1.000000 0.000000 0.000000 1.000000 0.668841 14.540000
0.143778 0.750000 0.285714 1.014612 0.000000 0.410493 0.531928 0.620728 14.620000
0.155089 0.812460 0.285714 0.978974 0.000000 0.574753 1.000000 0.452169 14.530000
0.194444 0.750000 0.285714 1.000000 0.000000 1.000000 1.000000 0.642700 14.710000
0.111111 0.833333 0.435628 1.000000 -0.012505 0.573251 1.000000 0.694875 15.340000
0.111111 0.833333 0.428571 1.000000 -0.011338 0.753558 0.591992 0.607162 15.290000
0.111111 0.882374 0.450801 1.014263 -0.001723 0.666667 1.000000 0.800000 15.090000
0.111111 0.833333 0.454214 1.000000 0.000000 1.000000 1.000000 0.717651 15.300000
0.055556 0.916667 0.593873 1.000000 0.000000 0.472116 1.000000 0.707594 19.059999
0.055556 0.916667 0.571429 1.000000 0.000000 0.650939 1.000000 0.631940 19.129999
0.055556 0.916667 0.571429 1.010976 0.000000 0.666667 1.000000 0.800000 19.000000
0.055556 0.968242 0.623283 1.009717 0.000000 0.141503 0.714594 0.800000 18.840000
0.011173 1.000000 0.584387 1.000000 0.000000 0.000000 1.000000 0.800000 16.440001
0.348325 0.568050 0.412688 0.646333 0.445695 0.333333 0.503325 0.602884 16.900000
0.000000 1.036316 0.714286 1.032078 0.000000 0.576302 1.000000 0.800000 16.940001
0.000000 1.010306 0.714286 1.000000 0.000000 1.000000 1.000000 0.694632 16.770000
1.000000 0.045850 0.296018 0.000000 1.000000 0.000000 1.000000 0.615893 32.840000
1.000000 0.029992 0.285714 0.000000 1.000000 0.333333 1.000000 0.611163 32.720001
1.030698 0.000000 0.285714 0.000000 1.000000 0.666667 1.000000 1.000000 32.209999
0.495463 0.350201 0.285714 0.439156 0.861453 1.000000 1.000000 1.000000 32.730000
0.777778 0.166667 0.414736 0.111111 1.000000 0.000000 1.000000 1.000000 35.669998
0.777778 0.166667 0.428571 0.111111 1.000000 0.192031 1.000000 1.000000 35.009998
0.777778 0.166667 0.428571 0.111111 1.000055 0.287614 0.546045 1.000000 34.720001
0.777778 0.160544 0.383611 0.189733 1.000000 1.000000 1.000000 1.000000 35.240002
0.666667 0.250000 0.323285 0.333333 1.000000 0.000000 1.000000 1.000000 32.310001
0.666667 0.250000 0.322969 0.308739 0.982819 0.343833 1.000000 0.606292 31.809999
0.666667 0.281442 0.369627 0.333333 1.000000 0.666667 1.000000 1.000000 31.120001
0.695634 0.250000 0.285714 0.271231 0.963776 1.000000 1.000000 0.704555 32.060001
0.555556 0.333333 0.387035 0.333333 1.000000 0.000000 1.000000 1.000000 30.000000
0.555556 0.333333 0.449990 0.338165 1.000000 0.333333 0.588541 1.000000 29.500000
0.555556 0.333333 0.428571 0.333333 1.000000 0.666667 1.000000 1.000000 29.059999
0.587370 0.332139 0.428571 0.333333 0.995802 0.425005 1.000000 0.586204 29.920000
0.459545 0.416667 0.571429 0.325202 1.002823 0.000000 1.000000 0.787923 42.110001
0.472222 0.422457 0.571429 0.333333 1.000000 0.333333 1.000000 1.000000 41.959999
0.472222 0.416667 0.571429 0.333333 1.000000 0.666667 1.000000 1.000000 41.090000
0.472222 0.394185 0.523651 0.333333 1.000000 1.000000 1.000000 1.000000 40.790001
0.388889 0.500000 0.983125 0.111111 1.000000 0.000000 1.000000 1.000000 38.820000
0.388889 0.500000 0.982101 0.111111 1.000000 0.333333 0.666650 0.618857 39.720001
0.393050 0.534146 1.000000 0.111111 1.000000 0.611099 1.000000 1.000000 39.310001
0.388889 0.500000 1.000000 0.111111 0.976865 0.379168 1.000000 1.000000 39.860001
0.333333 0.674951 0.139119 1.000000 -0.029898 0.000000 0.715692 1.000000 14.410000
0.282919 0.628664 0.000000 1.000000 0.000000 0.333333 1.000000 1.000000 14.190000
0.339547 0.461150 0.389758 0.554222 0.623976 0.666667 1.000000 1.000000 14.170000
0.313496 0.583333 0.000000 1.000000 0.000000 1.000000 1.000000 1.000000 14.390000
0.250000 0.666667 0.142857 1.026915 0.000000 0.000000 0.580871 1.000000 12.430000
0.209877 0.666667 0.142857 1.000000 0.000000 0.333333 1.000000 0.615719 12.630000
0.250000 0.666667 0.167803 1.000000 0.000000 0.641227 1.000000 1.000000 12.760000
0.250000 0.750117 0.257922 1.000000 0.000000 1.000000 1.000000 1.000000 12.420000
0.194444 0.750000 0.289756 1.000000 0.000000 0.559418 1.000000 1.000000 14.120000
0.194444 0.750000 0.285714 1.023984 0.000000 0.333333 1.000000 1.000000 14.280000
0.194444 0.750000 0.285714 1.000000 0.000000 0.666667 1.000000 0.548967 14.370000
0.194444 0.750000 0.304348 1.000000 0.000000 1.000000 1.000000 0.743317 14.210000
0.111111 0.885357 0.419887 1.000000 -0.003523 0.436889 1.000000 1.000000 14.960000
0.110332 0.833333 0.344463 1.000000 0.000000 0.333333 1.000000 0.721953 14.920000
0.111111 0.833333 0.428571 1.000000 -0.007446 0.666667 1.000000 1.000000 14.920000
0.111111 0.870447 0.428571 1.000000 0.000000 1.000000 1.000000 1.000000 15.160000
0.055556 0.976661 0.560701 1.000000 0.011507 0.000000 1.000000 1.000000 17.690001
0.055556 0.963687 0.551045 1.000000 0.002385 0.333333 1.000000 1.000000 18.190001
0.055556 0.916667 0.594381 1.000000 0.000000 0.666667 0.602003 0.520182 18.160000
0.055556 0.916667 0.571429 1.000000 -0.008141 1.000000 1.000000 0.629162 17.879999
0.000000 1.000000 0.714286 1.000000 0.000000 0.000000 1.000000 1.000000 16.540001
0.000000 1.038535 0.683195 1.000000 0.000000 0.333333 1.000000 1.000000 16.440001
-0.009683 1.000000 0.714286 1.000000 0.000000 0.666667 1.000000 0.529671 16.480000
0.000000 1.000000 0.714286 1.000000 0.000000 1.000000 1.000000 1.000000 16.639999
